6 0.6585088640992682 0.7615242365560367 0.19829423870145285 0.2653468258882322
6 0.5666566240849507 0.6518345593438969 0.23041584802672616 0.20750009263745534
11 0.6329135920194082 0.17236969127076637 0.3183522000318167 0.24907547063538318
6 0.6580157787237246 0.4507322857702484 0.14144425469445315 0.2111644400324213
11 0.5826532467377239 0.5502913300220614 0.13619313335454458 0.16250861621110388
6 0.48456064473263327 0.5082429170779453 0.13166926535645337 0.17635279238978613
6 0.37300607407699643 0.5842531453663236 0.20906810669954404 0.25179374813797323
3 0.4254743566995439 0.2618730312221344 0.23323395472627 0.44968759263745517
3 0.23477827339272453 0.448197867244561 0.30009309603754375 0.29038967535011295
3 0.8038180800445434 0.365385598838199 0.23539534404836146 0.3670206418516669
11 0.8035651834022696 0.5449639369275403 0.2082499466899989 0.18148124813797323
4 0.7939458300843143 0.6577357646777993 0.18170562802354445 0.18180657981717357
1 0.44591795743154095 0.7438143899896401 0.15179995202099902 0.16167386228216216
11 0.41455996411517654 0.867286123240417 0.20359880935708982 0.18438792431665557