6 0.3944617391794473 0.2101918372592378 0.16587636724704335 0.22621940097293472
6 0.46520248502281214 0.32842759415909667 0.2014668747688908 0.16124896590774282
11 0.3275263594624986 0.7930958405056486 0.289512444048363 0.181526284088962
6 0.3472695242814018 0.5171100389635213 0.11313180047485369 0.18469437418757337
11 0.43497176425227196 0.4281236310907276 0.11484741316955063 0.13631142126547413
6 0.5232242705204782 0.48124290260108304 0.10905205423577727 0.15182732710967278
6 0.6413354245188287 0.42061727394928267 0.174751262074194 0.20919554220663666
3 0.5417539955141605 0.7300116392084025 0.1726672395086517 0.405934174511885
3 0.7540447100164945 0.5724780085280072 0.2627513672470435 0.2279103603878557
3 0.1931299420698059 0.5814879590111792 0.18579171364440422 0.3202694099013884
11 0.22170488611816888 0.40451635592692414 0.18520537727617326 0.13910123051823936
4 0.2475208915284452 0.2955271396121442 0.160387233702664 0.14491485389503395
1 0.5962228159807669 0.2535212771956936 0.13029055674305995 0.13033415665497755
11 0.6464848919241566 0.1362968210271834 0.18221676959604133 0.14373418344033873