6 0.66953125 0.2828125 0.175 0.2421875
6 0.5703125 0.3796875 0.2125 0.1796875
11 0.6 0.8671875 0.2984375 0.209375
6 0.6453125 0.59296875 0.121875 0.1953125
11 0.578125 0.48359375 0.121875 0.146875
6 0.47734375 0.5125 0.115625 0.1609375
6 0.37265625 0.42109375 0.1875 0.2265625
3 0.40078125 0.75 0.1921875 0.4234375
3 0.225 0.5390625 0.2765625 0.253125
3 0.78359375 0.69765625 0.203125 0.3390625
11 0.796875 0.51796875 0.19375 0.15625
4 0.79609375 0.4046875 0.1671875 0.159375
1 0.45703125 0.271875 0.1375 0.14375
11 0.43515625 0.14453125 0.1890625 0.159375