6 0.4293845004004465 0.8100632332645141 0.1727592102256999 0.23853131275401304
6 0.4951850040538945 0.6894065745126582 0.20760576866768635 0.17791471732199754
11 0.33881090421934557 0.22693979477533177 0.2939250982129911 0.20429351085413386
6 0.3693922970746054 0.5032909328349727 0.11887055113509053 0.19199714947960161
11 0.46068154463897343 0.5908119442549334 0.11961484496658023 0.14520403663473136
6 0.5471315133893853 0.5352413749421995 0.11361030681713338 0.15893898801421252
6 0.6675900637136969 0.5946307423096255 0.18183420129724617 0.22183513568479185
3 0.5544864971573309 0.28585552860567265 0.18680589366603878 0.41722952283992143
3 0.773388275971287 0.4401656495911433 0.2697160308425509 0.24829581637205783
3 0.21375022321134346 0.4404966044771273 0.19624334902377003 0.3318652329258297
11 0.24963099634325675 0.6179974847348519 0.1900364391223816 0.1551389586155704
4 0.27962423376135503 0.7265027035271876 0.16509098620028234 0.1569537641334943
1 0.6283617426898088 0.7619510391211223 0.13515802434972918 0.1413354081860289
11 0.6834777110331836 0.8787977023955339 0.18540348620028232 0.15801829715018095