6 0.215625 0.6515625 0.228125 0.16875
6 0.3296875 0.56796875 0.159375 0.2078125
11 0.81015625 0.6609375 0.178125 0.2953125
6 0.53046875 0.66875 0.1859375 0.115625
11 0.43203125 0.5890625 0.1359375 0.1171875
6 0.47734375 0.49375 0.1515625 0.1125
6 0.4046875 0.378125 0.209375 0.1796875
3 0.72734375 0.45 0.4109375 0.1765625
3 0.546875 0.24921875 0.228125 0.2703125
3 0.61015625 0.8203125 0.321875 0.190625
11 0.428125 0.80859375 0.1375 0.190625
4 0.31640625 0.7921875 0.14375 0.1625
1 0.24140625 0.4421875 0.1296875 0.134375
11 0.1171875 0.403125 0.1421875 0.1859375