6 0.7701625632577089 0.7379480523501052 0.25948802203583343 0.21959760628614955
6 0.6701424198309727 0.6312676051544959 0.19916877108590292 0.24296650723608906
11 0.1804805077868755 0.6134084820213186 0.2340542237831947 0.3337486374938141
6 0.4560084910693756 0.68402967774659 0.20654355357097226 0.15752033016686778
11 0.5655094712177435 0.6281249157608023 0.15792421561506947 0.14716932835784532
6 0.5350205777910074 0.5250884469684669 0.171950348023889 0.1463438127540133
6 0.6240811181598614 0.42909759554355736 0.24248235999173637 0.22650934757972224
3 0.2947209264804865 0.4258819058111797 0.44164721181534744 0.26815901628120076
3 0.5033477780197572 0.270612308908826 0.27900304787138913 0.3204983649925768
3 0.35446678770649376 0.8136994883528967 0.35567334422416685 0.2620927227490643
11 0.536189566391841 0.8435108983479479 0.17365962480937522 0.2197813127540133
4 0.6487623015742021 0.8525317735172899 0.17460387575930572 0.1933006999091429
1 0.7762086222439241 0.5283650124360135 0.15516289152687507 0.162630554047586
11 0.9047148287409378 0.5179332027342181 0.17671188962701406 0.21682008706427283