6 0.2413618197416906 0.289600742940371 0.26234219028743927 0.2168311134861197
6 0.33443220665128226 0.3907109503830761 0.2036946159934022 0.24010347743445787
11 0.8234719745979711 0.37726193501017696 0.24066107007089493 0.3301661877801568
6 0.5518303068095669 0.32349940366914615 0.20900659012915454 0.1543932979675712
11 0.438383920757905 0.38612508729266787 0.16034176959604132 0.14517141066226813
6 0.46196852177411935 0.4876959474800822 0.1743588054894186 0.14401808762187224
6 0.3653088189502678 0.590423793877443 0.24533654671392996 0.22258100831327035
3 0.6960503535900038 0.5714331353267461 0.44481972116625174 0.26429244985435074
3 0.47645560444793367 0.7409656999873647 0.28400189311129087 0.3173766827655918
3 0.6635299879258062 0.18676863031218113 0.35879129295300627 0.25866692399010327
11 0.48293921747183505 0.16938621668041215 0.17810358260730727 0.21906355172849495
4 0.3705983418450144 0.16719088235724516 0.17733069279472174 0.19250105172849494
1 0.22040314740093997 0.5001889019532865 0.15767141066226814 0.1607054824490227
11 0.09041491676587207 0.5188061728029691 0.18082983353174414 0.21446697994174038