6 0.3765625 0.2265625 0.140625 0.2125
6 0.4609375 0.33984375 0.1859375 0.1421875
11 0.37734375 0.8109375 0.271875 0.153125
6 0.36484375 0.53515625 0.0921875 0.175
11 0.4421875 0.440625 0.1 0.1265625
6 0.53671875 0.4875 0.0921875 0.1421875
6 0.64765625 0.41875 0.153125 0.19375
3 0.58359375 0.73359375 0.1265625 0.39375
3 0.77734375 0.56171875 0.2390625 0.203125
3 0.21875 0.61015625 0.15 0.3046875
11 0.2265625 0.43203125 0.171875 0.121875
4 0.23984375 0.321875 0.1453125 0.1296875
1 0.5828125 0.25625 0.1171875 0.11875
11 0.61953125 0.1359375 0.1671875 0.1265625