6 0.34705277764314785 0.2786422421285156 0.21375738836446337 0.26921420950527086
6 0.4293785049057348 0.3899882604173044 0.2411528765014653 0.21417388243296429
11 0.32151965357595946 0.8668598251323212 0.3318070514063251 0.25686540121604473
6 0.3211336288985611 0.5882573226608633 0.15384387749004844 0.2152960306460784
11 0.4048958166550022 0.4915043394667773 0.14562020060802236 0.1666038626613009
6 0.500115474753948 0.5360766932308296 0.14144203657757756 0.17891286167271758
6 0.6181107410655704 0.4634124674511174 0.22418555239490826 0.2571598784786317
3 0.5369947563514286 0.778245005455798 0.2602689269192073 0.44350998908840394
3 0.7446347958947556 0.6039485786295434 0.3162748933073793 0.2967900642579064
3 0.16756827711167518 0.6696452910262017 0.25689457612090444 0.37080588441013057
11 0.18348373167403023 0.49030795950527095 0.2181955375661606 0.18672004448624283
4 0.20291150540002642 0.3784127959691176 0.19319553756616062 0.1857013725471326
1 0.5589479411793011 0.3021447036109529 0.161181533611828 0.16567803262324476
11 0.601477633878658 0.18023521151961827 0.21519787155854947 0.18971771049385405