11 0.4634617558571369 0.7481106102539214 0.46763575794584644 0.44590616270733213
4 0.05137552171164879 0.6833149536817814 0.10275104342329758 0.20524509263643723
4 0.4771952168824637 0.15132550461885352 0.19560956623507267 0.30265100923770705
1 0.7784446990879665 0.21846960820885739 0.21872341406762602 0.3887228338609486
1 0.2663691689361797 0.37616872875460605 0.23228189528454557 0.300160439033798
1 0.3559197361598356 0.062056067630119525 0.23191052768032883 0.12411213526023905
1 0.14127230433489354 0.13371577045397112 0.2138210553606578 0.26743154090794224
6 0.29395429395477024 0.17794417742182253 0.22989704152049323 0.20333090314042074
3 0.8067581111040638 0.6343386491167996 0.35834296547395106 0.6362463547106312
6 0.743341551331963 0.5245975877548863 0.15547536167271758 0.13873955423577744
6 0.1746486066554397 0.6737998981923627 0.30822626585451185 0.47872335972519586
3 0.11572847627400382 0.39866115736356283 0.23145695254800763 0.3613252595669114