11 0.3000774016273082 0.40372030076822557 0.5386153584338562 0.5549020997274289
4 0.16211257066747098 0.8187643673674259 0.23606140999505124 0.19312363749381384
4 0.8302794787419583 0.7507656348918222 0.33944104251608354 0.2574052227490645
1 0.844419464608464 0.436860265149547 0.311161070783072 0.2748450282669884
1 0.540247536746273 0.7941726396415206 0.3454164778374471 0.2876725768875074
1 0.8843738364984459 0.8917769007227971 0.23125232700310824 0.2164461985544058
1 0.7010223416983701 0.9571794934412793 0.2840208751693421 0.08564101311744139
6 0.7258784995457148 0.8764993815009202 0.2478044934412793 0.24700123699815962
3 0.5557154907277458 0.21221331071784827 0.6989309814554916 0.402808412481442
6 0.6208292356393631 0.29509440976790857 0.16682008706427282 0.18014560266810492
6 0.2656359611019611 0.6979749118040736 0.4787003686106215 0.3928248236081471
3 0.4505033632950962 0.8797051893936934 0.40380883197589 0.24058962121261337