11 0.2765247329505761 0.5796875 0.4645411558409033 0.475
4 0.1688063214276299 0.1375 0.213664853895034 0.15625
4 0.8348784705754883 0.3359375 0.33024305884902355 0.1984375
1 0.8383802560857847 0.65546875 0.3232394878284307 0.2140625
1 0.540809780842551 0.234375 0.31034103084255094 0.234375
1 0.8913631599013885 0.1765625 0.1931808043815014 0.2359375
1 0.7166886680190633 0.0609375 0.26775233603812654 0.121875
6 0.7320017966708636 0.17734375 0.21031375730360063 0.2328125
3 0.5130697536468574 0.83828125 0.6556456225627205 0.3234375
6 0.5865287986961631 0.75 0.14178985389503396 0.15625
6 0.24149161931630952 0.2734375 0.4788376607121673 0.309375
3 0.4612841477265238 0.109375 0.37256829545304765 0.21875