11 0.7625450035146567 0.5433831641313895 0.47490999297068653 0.5222841884483337
4 0.6862161372990437 0.9514949905006947 0.22696922249741008 0.09701001899861054
4 0.1731808664159915 0.534704921162153 0.30691789578060835 0.22253484232430587
1 0.25471969499482006 0.22444152801975714 0.4254153387085138 0.25338741166284756
1 0.3797712764646235 0.747880987650903 0.3402783593866781 0.268574694147917
1 0.0798932468951189 0.6597393291221876 0.10957201488719619 0.24135365824437507
1 0.15085437199756277 0.8596133489738197 0.2312629243166556 0.20672669794763926
6 0.17391938275092975 0.7181168332062502 0.23820643713693718 0.2552733007211806
3 0.66875 0.20540907902527836 0.6625 0.39510735866055613
6 0.5693472752262784 0.26063948005145876 0.16098465756743252 0.17231402393569456
6 0.6860448552483398 0.8299092982041841 0.5349059627775002 0.3401814035916317
3 0.3933886284077036 0.8830865633546182 0.4001242402800903 0.2338268732907637