11 0.745758500066507 0.47680487810308614 0.4732870166265403 0.4834703120623608
4 0.7176619629859955 0.931447912376657 0.21645537727617317 0.13710417524668586
4 0.1464046724072576 0.613518702020999 0.2928093448145152 0.19575104137490715
1 0.19196252797581853 0.28507607602640783 0.38392505595163706 0.2170271520528157
1 0.3807566595416409 0.7734407840547248 0.31941054420664744 0.24113626670908897
1 0.059361661982416346 0.7625732726766359 0.11872332396483269 0.2343033693507266
1 0.1441335347727501 0.9267624946689998 0.277711126022532 0.14647501066200022
6 0.17543266204892335 0.7929340293602716 0.2161946159934022 0.23681129869508943
3 0.5992234470178639 0.16796458541531442 0.6734281059642722 0.329602066756814
6 0.4929985275801071 0.24644302673454233 0.14526233887551357 0.16101132001909005
6 0.6944327146353482 0.7903764820973592 0.5089564290046681 0.3136305267345424
3 0.41678142458533574 0.9014817786839536 0.38238190564770314 0.1970364426320927