11 0.5301959646054556 0.2565055265785058 0.43266374409436814 0.41306057222466935
4 0.08516620680090721 0.2713963395630465 0.13489089908902613 0.1982242235911302
4 0.4763121174074967 0.8494345487262065 0.16409230416850207 0.3011309025475871
1 0.7868478241235859 0.8114087756290476 0.18028278855940522 0.377182448741905
1 0.29177339318339435 0.6016543023544034 0.20507940271722322 0.286507962791357
1 0.3441841528868592 0.933261422502671 0.218973233209777 0.13347715499465806
1 0.13969257112836103 0.8273115228654907 0.18998019237293695 0.25632938947037937
6 0.297140483379413 0.8000372386520727 0.2140873257680484 0.18694447241000384
3 0.8567237151536098 0.4072173770261435 0.28655256969278053 0.6210317849312084
6 0.7855556203179036 0.508095341546781 0.14488096878180662 0.1267857332097769
6 0.23280509863353918 0.2984003275821469 0.26437010108060993 0.4649256286706061
3 0.13747527358328096 0.5627133095259796 0.20887901451278829 0.35062502649368776