4 0.6714557005763913 0.5670933409138088 0.14830056699689198 0.13621529691210804
4 0.49480761744944884 0.642822483294595 0.15098891935425698 0.12694942431676956
3 0.6466847946615886 0.7386037531648609 0.1515325748547749 0.10512898801910034
3 0.22073657071643646 0.6699107398331989 0.107744033498446 0.06928076805616748
3 0.5734055365988179 0.3710144598809501 0.05240156203449331 0.05330853847458741
3 0.8117317901134745 0.5142734196770823 0.1877954065339754 0.0798760168750409
3 0.8724337338699495 0.24340041368663243 0.16533820967712848 0.06661212504240907
7 0.7505073839937839 0.2882813493513294 0.19423811331561963 0.2516964531727101
11 0.8935766796933391 0.1614609329239261 0.19979029238978613 0.13645339908902612
10 0.5450107471045158 0.1297892591553107 0.12835194003242129 0.1433184687818067
6 0.6468837320079227 0.44143857648583856 0.044225188998963993 0.045223219962933214
6 0.5624254187305752 0.838618622132002 0.14238020678164426 0.17656747840045375
6 0.05876718610347988 0.15648810217691825 0.08935790653397531 0.07643850362819707
9 0.13904969148016336 0.08831351025161903 0.26697779238978614 0.13879963828925293