4 0.35625 0.44765625 0.1359375 0.125
4 0.540625 0.37578125 0.1390625 0.1140625
3 0.3984375 0.27734375 0.1421875 0.0921875
3 0.81796875 0.353125 0.1015625 0.0609375
3 0.43515625 0.6453125 0.046875 0.0484375
3 0.2109375 0.4984375 0.18125 0.0640625
3 0.12265625 0.7671875 0.159375 0.053125
7 0.24921875 0.725 0.1703125 0.2375
11 0.09375 0.8484375 0.1875 0.1203125
10 0.43984375 0.88671875 0.115625 0.1328125
6 0.36875 0.5734375 0.040625 0.0421875
6 0.4921875 0.17890625 0.1265625 0.165625
6 0.9296875 0.86796875 0.0828125 0.06875
9 0.8421875 0.93515625 0.2546875 0.1171875