4 0.5515625 0.3734375 0.1171875 0.1234375
4 0.61328125 0.55546875 0.1046875 0.1265625
3 0.71640625 0.41796875 0.0828125 0.13125
3 0.6234375 0.82734375 0.05625 0.09375
3 0.35390625 0.446875 0.046875 0.0421875
3 0.50859375 0.23046875 0.053125 0.1734375
3 0.24921875 0.13984375 0.0421875 0.153125
7 0.28515625 0.26328125 0.2234375 0.146875
11 0.17109375 0.1046875 0.10625 0.184375
10 0.11796875 0.446875 0.125 0.103125
6 0.428125 0.38359375 0.040625 0.0375
6 0.809375 0.51171875 0.15625 0.109375
6 0.11328125 0.93125 0.0625 0.084375
9 0.05078125 0.8484375 0.1015625 0.2546875