4 0.44935180936746477 0.6185284103330637 0.134450348023889 0.14131898495630518
4 0.3697948619885066 0.44752324003737715 0.12198671561506957 0.1425177721033238
3 0.2811655070307634 0.5992197838483133 0.10171058320625015 0.14348923871722885
3 0.33308133767156234 0.18002350296950087 0.06951502583555565 0.10195495658477527
3 0.6391066000206592 0.516197717538342 0.05265352773541672 0.04837531551854859
3 0.506325895139166 0.7534967922280905 0.0775834053945836 0.1802618130112661
3 0.7737302942654855 0.8034894658889893 0.0646106267092362 0.15958560015828455
7 0.7256947973996175 0.6869982993542265 0.24309930262104196 0.18039350831327017
11 0.8551614790110061 0.8268838502912985 0.13267094889756956 0.19904055674305984
10 0.8741544004574996 0.4804718515449398 0.1386650693385416 0.12114287727617316
6 0.5710274408263537 0.5900049420698059 0.04629442496187508 0.04350595909205772
6 0.17916855556774264 0.5202118969387216 0.17173214247680568 0.13303512351524951
6 0.8304317291984376 0.023585634864527655 0.07351154160312498 0.04717126972905531
9 0.9004337982526387 0.10344061942512146 0.1366324034947226 0.20688123885024293