4 0.34222632309246975 0.5324777193565955 0.1697226684215191 0.16816925878059868
4 0.5016371636479411 0.6615344811622563 0.16967721662612084 0.16035675878059868
3 0.33494456733693323 0.709785107920277 0.16640677088084707 0.13533857806243965
3 0.7658264077942087 0.7755752970262515 0.11617042154477701 0.09442268657189175
3 0.47288194633444913 0.36682596916020377 0.06130111436318479 0.0628545240041051
3 0.21466038017586628 0.4356385599120669 0.1975567769309713 0.11833288524403182
3 0.20461880142605576 0.14728913221896972 0.17559087334017515 0.10258062021691719
7 0.3135165575743758 0.229956707354543 0.23293171642972918 0.2904078731437834
11 0.19488525312325797 0.07457379488495222 0.22585449375348404 0.14818401170746495
10 0.5445398194782325 0.13598503531878658 0.1509817587805987 0.16962267447164328
6 0.3882251452029809 0.41477258976990444 0.05188066256778665 0.05498748184962743
6 0.3998332482514841 0.8367294030016209 0.16994992739850953 0.20723175878059868
6 0.9818256751590144 0.30962863104061933 0.033312469749378695 0.08612839754067192
9 0.9042006449083934 0.22323661308663847 0.19005334913967822 0.17141243344863372