4 0.36033105034590124 0.5609554963498473 0.16501698770335987 0.16692622158978576
4 0.5475452249157404 0.6428525584452818 0.16652494554888211 0.15757849512873606
3 0.3980588302037388 0.7337520681845143 0.16325449980360834 0.13252394805083548
3 0.8321838453290493 0.6832012743563197 0.11458974082661796 0.09261596834337489
3 0.44514589099956847 0.36648670170757863 0.0597295240041051 0.061973894480112965
3 0.21309243598271652 0.5010192090111792 0.19595791549465283 0.11434669236879244
3 0.13023344242562418 0.22587493303659695 0.17400110226293633 0.09990236282348777
7 0.25631921945479136 0.2760231631510946 0.22508285499341082 0.28671261606989856
11 0.10474710821486463 0.1427175596598024 0.20882152985783753 0.17706488068039522
10 0.4562414305217676 0.12486226339597588 0.14626698770335983 0.1665989391223816
6 0.3752288216195318 0.43568276096034386 0.05030907220870704 0.05399775324641087
6 0.4932127698006926 0.8391332690780187 0.1636726563212708 0.20439894805083547
6 0.9331357286281736 0.1735750840161222 0.04892837939029917 0.08522047970746054
9 0.8421289335468296 0.10953194927524193 0.21970448770335976 0.1678807954530476