4 0.35078125 0.4484375 0.15 0.1484375
4 0.52734375 0.34375 0.1515625 0.1390625
3 0.36953125 0.271875 0.1515625 0.1140625
3 0.80546875 0.26953125 0.10625 0.0796875
3 0.45625 0.63125 0.053125 0.05625
3 0.2109375 0.52578125 0.1859375 0.0921875
3 0.159375 0.809375 0.165625 0.0796875
7 0.27890625 0.74375 0.196875 0.2640625
11 0.13671875 0.8953125 0.20625 0.153125
10 0.49375 0.86953125 0.1296875 0.1515625
6 0.3796875 0.57109375 0.0453125 0.0484375
6 0.45234375 0.15546875 0.14375 0.1875
6 0.96171875 0.76328125 0.040625 0.08125
9 0.87890625 0.83828125 0.2046875 0.14375