4 0.41986953406125005 0.5960274940313199 0.14147040339440445 0.15104252965749526
4 0.39832685304850324 0.40554441547613856 0.12897040339440444 0.15053319368794008
3 0.26798030201523093 0.5241100261602731 0.10865790339440444 0.14970552273741297
3 0.44676084963065765 0.13566565559030686 0.07559996369925485 0.10618101581733078
3 0.6286450912428424 0.5562779500393686 0.05498748184962743 0.053790844866803765
3 0.4315059499486864 0.7439556580617648 0.08855448165323562 0.18481535178688588
3 0.6650491820929013 0.8773743586326062 0.07435562626704133 0.1608048488211363
7 0.65641959153743 0.7496313606097724 0.24954652380771342 0.20074805239490842
11 0.7344531670657867 0.8964161773019557 0.14304199375348398 0.15266869665368965
10 0.8588274949318343 0.596105818100696 0.144486319085449 0.13241986364988403
6 0.5424348804704539 0.6066546348300601 0.04713862041330898 0.047222509885831696
6 0.1975319675098838 0.4160693744871179 0.175809041958086 0.14619320357377177
6 0.963139828553419 0.11931121334806045 0.07242951190385653 0.09824118182494201
9 0.9665006570086419 0.21290204585757447 0.06563513212077368 0.27292284684397006