4 0.6400180294650542 0.42910363349551595 0.149246541958086 0.13992608411256366
4 0.44908850243588694 0.3778689073032293 0.15074540944452863 0.12899767447164337
3 0.5789027465821543 0.2646098623200812 0.1521806444174139 0.10713176483072288
3 0.1710044090517452 0.3865182412194013 0.10823065651766242 0.0725022347764936
3 0.583396366504484 0.6341274767814619 0.05187157220870695 0.05342498184962743
3 0.7902225625443455 0.4633872090238727 0.18798178903121965 0.08390334308955402
3 0.9073520169720222 0.7213082724519809 0.16446247579950324 0.06970448770335977
7 0.7767150953290493 0.6931610674351291 0.19523172852997775 0.25581470452587246
11 0.9224487343837101 0.7985520285021052 0.15510253123257983 0.1399897166261212
10 0.6051087818027451 0.8746343021134267 0.12896131303532493 0.14449540944452863
6 0.6415355985505031 0.5556615883159761 0.04558521077238851 0.04713862041330898
6 0.47526414129415606 0.17692857601933604 0.14478630093507655 0.17896131303532484
6 0.11623717934341712 0.9102920845053472 0.0895079275949013 0.07708065046753845
9 0.21020534796132795 0.9472466629605701 0.26622496369925475 0.10467036104353511