11 0.22055544810893268 0.7926550530022914 0.28883933302444253 0.35799956363895846
11 0.7500793232361597 0.29322648309506877 0.27788198565684785 0.3124688580918752
11 0.591726131496195 0.42415244082635367 0.24408733901489227 0.28358013867708354
11 0.15865568195168187 0.5310285284010068 0.27657245680090725 0.2749688580918752
6 0.7877454373091595 0.7123206687905201 0.3891518462712863 0.4586918542921531
6 0.641731043662429 0.7805102371791314 0.290620087833766 0.36428593123013897
3 0.2721080906593548 0.32230553220072894 0.4368849965414389 0.5737726468452087
3 0.4399974180718658 0.7453942740326038 0.3525595818433162 0.4391053996950003
4 0.41832089174781395 0.2931420962209371 0.1602728450053421 0.20825152393569457
6 0.45693450236225275 0.14861019301055517 0.18222225607526782 0.2555993026210418
4 0.7845485485565703 0.4462053595199646 0.14855160580511537 0.1408458183886113