11 0.7982467156774937 0.752157716529028 0.25859601984959485 0.33152439620024127
11 0.193546522954476 0.35081662878738673 0.2518708308506309 0.2875287347348521
11 0.3704664338316775 0.453284288782438 0.22116448635114896 0.2640978787873868
11 0.7873799520286425 0.4978453527796466 0.25495728949430224 0.25339939620024127
6 0.25322316005314116 0.7510047365438745 0.3750258486333113 0.42179527136958334
6 0.4169367495902245 0.8128336109222767 0.2734975818840882 0.37433277815544663
3 0.6337391834173928 0.3159325322237173 0.39262007113072117 0.5318253686106214
3 0.5867462894988111 0.7363745070089466 0.3181936517764644 0.4063473337849123
4 0.49233293341739276 0.3085217446844747 0.14616017824559702 0.19314356965141818
6 0.4225192012000731 0.17642521766068175 0.1636773180303493 0.23458744120271566
4 0.20162223449363129 0.4969070567611194 0.1369264193542569 0.12875352103089915