11 0.7104000559755012 0.17237613902116275 0.31669988804899774 0.3447522780423255
11 0.25568999590232266 0.7118478159807669 0.30227376137808887 0.33837114436493215
11 0.3948808599220491 0.562534474597971 0.26599081604072533 0.3076379699126104
11 0.8106705866088664 0.4020489863429605 0.29716809070654343 0.302297252045064
6 0.18398410132877294 0.30479148541852363 0.3679682026575459 0.49666702916295274
6 0.29344836596913776 0.21872830179500197 0.31851692671863396 0.3919507854311589
3 0.7284558812460495 0.6215551557807172 0.48198163208145084 0.6138210884132951
3 0.49875348396722885 0.23141382139104322 0.38661349339590617 0.46282764278208643
4 0.5865405539067771 0.6694196574300697 0.17754538669636233 0.22384197994174038
6 0.5692065085535052 0.8167492984962967 0.20309082670272574 0.2714444056477031
4 0.19960472258913992 0.5650924879258061 0.15801358935390813 0.15610891066226812