11 0.8833220352692299 0.7048311168286813 0.23335592946154016 0.2941903303564585
11 0.23821669169808665 0.43308917619614606 0.23156633134415214 0.25193009517409737
11 0.42462389953412466 0.4990629343642712 0.2006957629424182 0.23092661094166686
11 0.8320954943148051 0.4625156770491673 0.23416071032569974 0.21610169794763903
6 0.36539019660682265 0.8082002386008336 0.34455072070786896 0.37002809137437537
6 0.5343067965785877 0.8347783095548961 0.25099814178279123 0.3304433808902079
3 0.6511577655026668 0.3163095582237158 0.35680706797821105 0.4732985617390975
3 0.681433154584035 0.7289550285884381 0.2894081943995097 0.3609427256830557
4 0.5172755891660727 0.3350387615865976 0.13179457352223167 0.17314917211208342
6 0.42561246295653554 0.22133797786725729 0.14804119980235592 0.21097648043270842
4 0.27214291261771717 0.5735329914506252 0.12502936305535756 0.11057643692972227