11 0.20609364402524868 0.7793427265015371 0.23520341233587008 0.3000446731356433
11 0.7358159265942044 0.3129537684346855 0.22898812867060608 0.2561309820286507
11 0.5785986489193901 0.43548851126310933 0.1986458642426358 0.23634427168436437
11 0.17311748603536586 0.5393824146133047 0.23091272721932726 0.2218651094333124
6 0.7434051602673175 0.698935908453219 0.34094747004775117 0.3786458774894797
6 0.5956819336809624 0.7953893009188231 0.24848715153609682 0.36761411905195907
3 0.2961532258685649 0.34547366878965596 0.3523066106992568 0.48048119600113404
3 0.4113639865835201 0.7331596633473604 0.2858780241314351 0.3657986479078996
4 0.43293646325469315 0.3165078766868715 0.12938494355406327 0.17462303248413757
6 0.4813243779528159 0.18216759302160757 0.1448115361123346 0.21417660580511527
4 0.7527801933844274 0.4528148766020535 0.12413195916315978 0.11357640507947586