11 0.8346408187062255 0.334970216529028 0.24745899204327068 0.33152439620024127
11 0.21705661342295043 0.6711291287873867 0.24226241470399829 0.28752873473485197
11 0.39722482407699644 0.587659288782438 0.2123203760343621 0.2640978787873868
11 0.8149299447405876 0.5869078527796466 0.24654992536599848 0.25339939620024127
6 0.2905726453691802 0.2791297365438744 0.3609407840547247 0.42179527136958345
6 0.4563061860279987 0.23003821856519294 0.26055897605027045 0.3837419934412793
3 0.6552293227641319 0.7429786739592033 0.37471347740290584 0.5140426520815934
3 0.6229766127068619 0.32856200700894667 0.30454533338636125 0.4063473337849123
4 0.5138230727641319 0.7444592446844748 0.1396635786919079 0.19314356965141818
6 0.4395326921148583 0.8686127176606817 0.1557612933640895 0.23458744120271574
4 0.23020949940322405 0.5265945567611194 0.1326681440165447 0.12875352103089915