11 0.7241189330333017 0.3105268322617854 0.2925376964259822 0.3947789628859484
11 0.5369659862002824 0.12260137652717946 0.1839694456152035 0.24520275305435893
11 0.9232892698855023 0.312758648244445 0.15342146022899533 0.2388790314288567
11 0.7951203689059771 0.8835401270565832 0.172794392044481 0.15210707352223168
6 0.5067853827089901 0.27000606100333646 0.09099892126547413 0.11612479991529537
6 0.37275267085514174 0.7454750398154747 0.15065811363426657 0.31471348933548204
8 0.3427207029188041 0.45864987400222434 0.26134224350388296 0.3960838576525113
6 0.4066472406645092 0.133506389857827 0.14956717207625303 0.25221348933548193
11 0.23398049715403565 0.7254040054734334 0.21447515178371362 0.30438220506402763
11 0.15115258603483123 0.5949345264495336 0.16956384658813803 0.41415204721387244
6 0.2589148985373027 0.22735364234748862 0.10866152840691905 0.32319384727034206
11 0.21415182345622483 0.2166660423051363 0.16468543181548567 0.4029415314288567
2 0.45931746225099956 0.776407250423523 0.0893273271096728 0.10978379465362345
2 0.9850313392845373 0.37561569303924286 0.029937321430925222 0.1802181210184525