11 0.67890625 0.69296875 0.215625 0.3375
11 0.4546875 0.85 0.1328125 0.221875
11 0.8921875 0.72734375 0.1390625 0.203125
11 0.87265625 0.12578125 0.1390625 0.153125
6 0.45625 0.69609375 0.06875 0.0984375
6 0.42265625 0.20859375 0.08125 0.2953125
8 0.33359375 0.484375 0.18125 0.35
6 0.32890625 0.8125 0.096875 0.228125
11 0.28203125 0.20546875 0.1546875 0.2640625
11 0.17265625 0.31875 0.075 0.3984375
6 0.203125 0.69609375 0.0328125 0.31875
11 0.15625 0.69921875 0.071875 0.3875
2 0.51484375 0.19296875 0.06875 0.0921875
2 0.97734375 0.678125 0.0453125 0.171875