11 0.3029524699225753 0.6412191863610415 0.4006498933073792 0.29343053020395865
11 0.1540388315581119 0.38350021818052066 0.26188187056996626 0.1824904173624308
11 0.2532084323935957 0.8597704710303123 0.24332287155854937 0.18674150626826425
11 0.8885994457394686 0.9083228466021869 0.18866986364988386 0.14800500816812523
6 0.31605867049341657 0.4063168562889234 0.11762785178688588 0.09015483415618064
6 0.8319993468811511 0.4404456687905201 0.33041169467652337 0.14037695896555574
8 0.5458642342198503 0.30791115140743014 0.40699805239490827 0.2576748681598614
6 0.20125738836446336 0.2565006538759721 0.2603538626613009 0.1449904173624308
11 0.8452813137450242 0.2931160739007632 0.30943737250995157 0.2132689450978475
11 0.7330711210642578 0.16201350389663133 0.4402323636498842 0.15386019034819481
6 0.3326426981365644 0.1416179234432636 0.34737901878308036 0.09706337005972251
11 0.3321360207602467 0.09080030585208305 0.42754136266130083 0.14888174961875036
2 0.8422922011394949 0.539518948425798 0.11131418479069159 0.08844686379145834
2 0.30407986570141243 0.9375675094993052 0.1844041749048598 0.04331750816812487