11 0.640625 0.7410840315602994 0.4734375 0.42085359984690063
11 0.871875 0.5886925661235296 0.25625 0.24950388737588014
11 0.571875 0.9056041293928526 0.271875 0.15326555733782427
11 0.06484375 0.6684515696579327 0.1296875 0.21934686068413461
6 0.7546875 0.5309675908381088 0.140625 0.12916752965749528
6 0.31875 0.2752931827763442 0.359375 0.2505809091247101
8 0.62109375 0.31766111901272936 0.46875 0.3878500988583175
6 0.890625 0.45902231216919687 0.21875 0.2151633794672149
11 0.38671875 0.14854827000021875 0.3625 0.2970965400004375
11 0.54765625 0.11860146688246365 0.4671875 0.2372029337649273
6 0.8515625 0.2903014870740567 0.296875 0.20584672927693431
11 0.8421875 0.24224598905122302 0.315625 0.26911073323126705
2 0.2578125 0.3559011956279254 0.134375 0.12422536167271776