11 0.709375 0.66640625 0.36875 0.253125
11 0.8703125 0.41875 0.2421875 0.15625
11 0.74921875 0.88828125 0.221875 0.1625
11 0.11171875 0.91171875 0.1703125 0.159375
6 0.7078125 0.43125 0.1078125 0.078125
6 0.19140625 0.43203125 0.3171875 0.10625
8 0.4828125 0.31796875 0.3796875 0.215625
6 0.82890625 0.2890625 0.2453125 0.11875
11 0.18515625 0.284375 0.2875 0.18125
11 0.303125 0.16015625 0.4265625 0.10625
6 0.703125 0.165625 0.340625 0.059375
11 0.70625 0.11484375 0.4140625 0.103125
2 0.1765625 0.53046875 0.1015625 0.078125
2 0.69453125 0.9625 0.18125 0.0234375