11 0.303125 0.27109375 0.4125 0.3171875
11 0.10859375 0.46171875 0.2171875 0.1953125
11 0.32734375 0.07578125 0.2484375 0.1359375
11 0.91640625 0.228125 0.15625 0.184375
6 0.2375 0.496875 0.121875 0.0984375
6 0.72421875 0.665625 0.33125 0.165625
8 0.4171875 0.68046875 0.415625 0.2828125
6 0.10703125 0.5953125 0.2140625 0.1625
11 0.6875 0.809375 0.31875 0.2328125
11 0.540625 0.890625 0.4359375 0.1859375
6 0.16796875 0.75546875 0.3359375 0.121875
11 0.1796875 0.80234375 0.359375 0.1796875
2 0.76640625 0.57578125 0.115625 0.0953125