11 0.3322115109535667 0.708475111903274 0.2763090650563301 0.3749163981258558
11 0.5748272567969316 0.8208457651102018 0.17262647241989287 0.24544419530200406
11 0.12556905436879137 0.7816184098708453 0.17520590314042073 0.22678512351524951
11 0.07508491653476287 0.18605350877548862 0.15016983306952575 0.17789298244902274
6 0.5542372751393316 0.6700106908161647 0.08594952335696497 0.11022209765100222
6 0.5246493443522968 0.18456493580159977 0.13542800079142267 0.3083700926364371
8 0.6483750347062431 0.4393397008452945 0.24524092148282078 0.3802571159934022
6 0.6952139646353481 0.761140493006878 0.13825147241989288 0.2444439849563052
11 0.6644392700582598 0.15551863031218113 0.2020244674053279 0.2900125492212125
11 0.7874699416075875 0.2463900197290553 0.14771270361527442 0.40864287727617327
6 0.8053966098582102 0.6228926837565357 0.09213264185764976 0.322722097651002
11 0.8516040201247665 0.6176452426111666 0.1427069548689155 0.3975689849563054
2 0.43170332640560816 0.18648880014564928 0.08576766693047429 0.10397209765100213
2 0.03645535939599161 0.7491445421615835 0.07291071879198321 0.17865384890464336