11 0.754856202624556 0.4110467267559911 0.42713794119181064 0.34420144482000764
11 0.8628919027172233 0.6919098355563313 0.2742161945655536 0.21574408420556884
11 0.836661730214552 0.20634435778884988 0.2603819724100038 0.21665181977759868
11 0.2151636977304145 0.06135419536816182 0.205327395460829 0.1148512176006804
6 0.7081622850160263 0.6380432471744111 0.12536707694917482 0.1042559687818068
6 0.20172625734121213 0.503313516875041 0.33892363466105585 0.18662206859647235
8 0.4657044557045989 0.6888790277596322 0.42906253974053177 0.3099355722246694
6 0.7998835374630971 0.8066692508026083 0.2715724435540633 0.17958832939624553
11 0.17466030425332005 0.6443824609772585 0.31309031015895183 0.25126492195451694
11 0.2595040741235859 0.7948214597961321 0.4460466538983495 0.21533240035497042
6 0.6531027959006176 0.8936186353788461 0.35000497840045347 0.1464335782151192
11 0.6451464521612198 0.9194841538983496 0.4326736346610559 0.16103169220330074
2 0.2052927122432028 0.40434030353552985 0.12062501324684397 0.10252977767481415
2 0.796996540288686 0.12068711078407476 0.18348711179556504 0.07039188947037926