11 0.7205423633812261 0.7443046573580355 0.4411078307929138 0.37201216459674596
11 0.8894357256031113 0.5452786141396799 0.22112854879377722 0.22446926881613755
11 0.713875248625258 0.92793462096636 0.2602931262670413 0.14413075806727987
11 0.11328892046462255 0.812089085193857 0.17302038524403182 0.20488020678164426
6 0.7645140354169824 0.5159463709641054 0.1303238251355733 0.11541529238978612
6 0.2645635115110732 0.36691363399378407 0.34487720452587267 0.20976041356328867
8 0.5682288669954634 0.3396620450758733 0.44090784289316237 0.337637164596746
6 0.8849714602814093 0.41221140301480946 0.2291794816532356 0.19187509263745514
11 0.28714651775758915 0.2211302531003719 0.3390089996072165 0.2750943151348652
11 0.42644484621281203 0.13389358043634614 0.45129992134838537 0.24439658684648694
6 0.809852764732527 0.2540671091772812 0.3461851744716434 0.16608318817039444
11 0.7939641443192181 0.20802686310622262 0.3746646984757483 0.2283306310982999
2 0.2307293878763105 0.4582813426374551 0.12404655405833438 0.11043669396136266