11 0.7010938625981733 0.8249911282513539 0.3388542019915837 0.26825471671852164
11 0.22741822730414527 0.5354214825501297 0.2346726442797027 0.1914819366867498
11 0.08475206686719176 0.6137391716725112 0.13338296279135697 0.19752165665497756
11 0.39070199962148183 0.8460435625024715 0.20598713828925294 0.2643739659077429
11 0.5160020668671919 0.6062116749222174 0.27288197241000384 0.2124490016215578
11 0.34514887512722703 0.48177255682042863 0.188521841377145 0.12196827759614023
1 0.3351711852013608 0.39752028774570514 0.31517859981466556 0.21631038717321704
11 0.8158904005866386 0.4492626509795253 0.36821919882672277 0.23140928165332983
7 0.8001637242241024 0.2369672025216528 0.34593752649368775 0.2027933579522238
11 0.5855407182336526 0.31419572443575006 0.23667165389834963 0.20400921022569998
11 0.3852852578893663 0.2879856006519184 0.2745337524470708 0.17031604869945846
11 0.10717761605673433 0.27095165381560377 0.19103177168436442 0.1938432775961401