11 0.21518412252826447 0.6975406708631607 0.23379965064493077 0.324133262942418
11 0.5036926169255904 0.25481192847331985 0.16908122758291685 0.2251805524755442
11 0.42977972539871534 0.09602919169808664 0.18455945079743064 0.15274411035393448
11 0.19875380983923643 0.3938696392931297 0.24171864057694456 0.19508279977412107
11 0.42977003333809066 0.5313751574972196 0.18398018218006965 0.2619370998305907
11 0.5540582524685419 0.3739938389543112 0.10254703780340294 0.18229583148532652
1 0.6358531131258683 0.3686153651920833 0.18492573955076425 0.3025620998305908
11 0.5788673756623964 0.8276450353045235 0.1956827080156252 0.34470992939095313
7 0.7839178983638201 0.830530078219206 0.17159059137437538 0.3329930524755441
11 0.7134196411456255 0.6173328572289883 0.18161759517409734 0.22747109456891898
11 0.7417043760436461 0.4247127177240973 0.14346428495361127 0.2642584630271227
11 0.7632650258355557 0.14431956243419047 0.173259581306389 0.2035785682605597