11 0.7457192716843644 0.15620261083892945 0.35765876569391464 0.2802912373846062
11 0.24539441178771587 0.48390615736254483 0.2488442716843644 0.2019050641014079
11 0.08867813111767679 0.4106057061624718 0.1554762176006804 0.2084760876750565
11 0.4192014117028979 0.15028236642050072 0.21703376569391467 0.273741522745079
11 0.5505878540758348 0.3945695597626909 0.28850697241000384 0.22091192927905431
11 0.37152289136929584 0.5328080760976291 0.19784227767481416 0.12621155128112632
1 0.3590080224021546 0.6225983221686877 0.3292956635169964 0.22749156906380658
11 0.8359462122007939 0.5403720955374485 0.3281075755984123 0.23319791356328867
7 0.8271280837422328 0.7619945384653539 0.31910220798203354 0.2036174214211716
11 0.6221652760303517 0.6964188500855625 0.25084328130301137 0.21447783870851378
11 0.4113741089699762 0.7328423093484061 0.28854168874473984 0.1772347038861602
11 0.12145843710027734 0.7666908862700956 0.1957738353866953 0.20099322745980874