11 0.20428354477533178 0.34276445604522976 0.22517922094004214 0.31009387749004846
11 0.5585028917892272 0.7945431092384408 0.16245349163225703 0.2139881986308559
11 0.5066991316124618 0.9403570390490354 0.18204229534115868 0.11928592190192902
11 0.23188840287050363 0.6463669585166877 0.23844942559888346 0.17654654844057555
11 0.44413169606395575 0.5162496714819997 0.17675500904511163 0.24887253460041112
11 0.5913010244218011 0.6766035341433005 0.09658947421940241 0.17700285178688588
1 0.6743591858871903 0.6846653849416033 0.17584096223361492 0.29093270060802234
11 0.5483943136585243 0.21490203018896786 0.18372206128367524 0.3520612015966055
7 0.7555893379687839 0.22646290718472475 0.16045497964646938 0.324607363649884
11 0.7152044346439951 0.4376431463103098 0.17503537878738662 0.21606003460041112
11 0.7721515547249544 0.6317406561961416 0.13349633197589003 0.256464858706968
11 0.8344246619156153 0.9082024081361268 0.16755707146044047 0.1835951837277463