11 0.33708912256601564 0.16176694004613423 0.3438353693163094 0.27738284937936153
11 0.7839645280064725 0.4803116861075405 0.2377841923687926 0.19803970003181667
11 0.9297503607981881 0.41011845946049413 0.1300262394466934 0.19991018801718105
11 0.6481220799523418 0.15991627542167777 0.20935127516050808 0.26956925469445325
11 0.5026520726487412 0.39108336473581506 0.2756387483751469 0.21878855203690736
11 0.6620525718379623 0.5257776327577686 0.1912443831160271 0.1271999413589988
1 0.6644724139651688 0.6109793360916321 0.3179080689919978 0.22396694804263434
11 0.18784705316698064 0.5288442573599533 0.3756941063339613 0.24184533871736136
7 0.1870996160764892 0.7413897106938169 0.3489671542193456 0.21339307471354338
11 0.40778999148187867 0.677537938056952 0.2395648806803951 0.21055788136536221
11 0.6055865633165457 0.7165657174172233 0.27805463636243816 0.17819991470399826
11 0.8815899557680638 0.7518150634547671 0.19406146590774265 0.19909312269254437