11 0.3537028972749276 0.16904208559393466 0.39803079454985524 0.32187051447217846
11 0.7837872783926043 0.6048865688584486 0.27838792794496675 0.2454164778374471
11 0.9283507224100038 0.5756162279489887 0.14329855517999235 0.23170810266810485
11 0.6766245313030111 0.23821364597309866 0.2618750397405318 0.30849633197589005
11 0.5011235674153459 0.4380078488229177 0.32139388347992953 0.27106493102595036
11 0.6501488883740709 0.61893802351729 0.216230179126093 0.16261726594251655
1 0.6454738012580952 0.7083723377416413 0.3624553930985764 0.285693997059324
11 0.19216028438305416 0.5005776113745322 0.3596577753125615 0.2949052227490644
7 0.17636170270937396 0.7180993040475859 0.3115823738612827 0.2580736080951718
11 0.3725819382814037 0.7096670855939345 0.2835119375636136 0.2581621393028364
11 0.5730482189514428 0.8004945607178483 0.3137252272193273 0.2301123824054315
11 0.8584351366447904 0.896384174580801 0.24066967313564325 0.2072316508383981