4 0.37856682542963194 0.717994119109792 0.27707376670908895 0.3188643284565975
4 0.2142005020289532 0.21820905860496548 0.21539083203372575 0.2533834924005557
3 0.3978215240292714 0.2248260005686809 0.19324311203054406 0.22943684612402793
3 0.5005021760423162 0.3232836439954171 0.19191696936663477 0.24971297853284735
3 0.7892957874363135 0.7767593617946882 0.2252567280394528 0.29578919794763914
6 0.32712940539463353 0.4590542237831947 0.3350124413589988 0.19680879692145864
3 0.7330259640754055 0.5723796798989589 0.29636811203054414 0.23183710714194472
1 0.6439527313812705 0.36801752858843806 0.21177603071290713 0.3454618896270141
3 0.638596353437268 0.7704073382402432 0.44295440006363335 0.45918532351951347
3 0.49203098344999463 0.8705944018792018 0.14269767202418074 0.18139808320625014
3 0.19612704276731355 0.7457703609416668 0.1436976453691802 0.26733558320625017
6 0.1178827694143599 0.5994570989738195 0.22463856269890758 0.242664197947639
7 0.824076036043907 0.34253048536979236 0.2743669373806341 0.35472909327423635