4 0.4109294514026146 0.2624239906110935 0.37422940300162094 0.4090146573838158
4 0.14730485128097764 0.7436489079805918 0.287791933252242 0.32207718403881636
3 0.3349957488216496 0.7742796479551384 0.26105671642972916 0.2920806013685439
3 0.459536685688129 0.6939188912715029 0.2658623910977643 0.3124476453691802
3 0.8431152375069682 0.28395935188577803 0.3130646440246306 0.3692430853755435
6 0.30773277029167195 0.5198921399586383 0.39704875858420696 0.30303737738699754
3 0.7450509631100797 0.48355136656591374 0.3659260236113216 0.32454875071608863
1 0.6141332820973328 0.6764939392505038 0.3117566740788599 0.41297490404199805
3 0.6883641049934108 0.2804761986394103 0.5736032099868217 0.5609523972788206
3 0.5562459757013073 0.12713028592459436 0.19505901170746487 0.22725448535963516
3 0.22928402078265125 0.19656427530236506 0.22213966217500314 0.3166260680299077
6 0.1378737464839586 0.3312307239815463 0.2673794393023662 0.30465332670272555
7 0.7949792819991369 0.7392377452260049 0.37910780054229287 0.4418817013844521