4 0.24140761890927237 0.450374359365044 0.36472061363426667 0.3104317067154524
4 0.7067602889602258 0.1269497814289956 0.2885205779204517 0.24080900270527095
3 0.7624177739426921 0.317402606102768 0.2631114748361966 0.21708060136854385
3 0.6937240953703221 0.45407535542645033 0.28339670129724615 0.21575445870463458
3 0.3169584127374669 0.8828221380092268 0.33536830438150134 0.23435572398154642
6 0.49450357102059284 0.3174095073997242 0.23919450811437953 0.3683340186982712
3 0.5117878973161913 0.7706435954009969 0.27129789610167077 0.3280908267027257
1 0.6949707698822071 0.6149946740929048 0.3853683043815014 0.24037374538508854
3 0.2769492471540356 0.7413538953691802 0.5224082029188041 0.4841066587364512
3 0.12246452434643396 0.6169249653484993 0.19332508035608367 0.15690562269254435
3 0.16407968546893364 0.2713857460216354 0.268434174511885 0.16402832670272557
6 0.27286257589185675 0.14923912070336193 0.2746217191541537 0.25002037070336197
7 0.7824276797835955 0.7925389661043589 0.40216606655636583 0.3077430587205431