4 0.59921875 0.275 0.2359375 0.2828125
4 0.825 0.74375 0.1828125 0.225
3 0.64296875 0.7671875 0.1640625 0.2046875
3 0.52890625 0.6859375 0.159375 0.225
3 0.1859375 0.2828125 0.1859375 0.2671875
6 0.6828125 0.5234375 0.315625 0.146875
3 0.26796875 0.4765625 0.2703125 0.1890625
1 0.38203125 0.66484375 0.1640625 0.3203125
3 0.33046875 0.2328125 0.3765625 0.465625
3 0.46796875 0.14140625 0.11875 0.1625
3 0.77578125 0.2171875 0.10625 0.2515625
6 0.88203125 0.3484375 0.215625 0.209375
7 0.20703125 0.71953125 0.228125 0.3203125