4 0.41637207670272564 0.28246492049341654 0.3797635093889065 0.42465507908665395
4 0.15000602076699537 0.7448243631555924 0.28655785471036166 0.33339872631118495
3 0.3347991914385406 0.7882745687065307 0.2658999093729982 0.3028835553606578
3 0.45968955609481377 0.7168372619001792 0.2723680853755436 0.32188822334543515
3 0.8444227093411815 0.3343801779449714 0.311154581317637 0.3814833992388783
6 0.3107327934038604 0.5319463142579064 0.4019646787078163 0.31936008402956984
3 0.7479600734006787 0.526335573192336 0.3709510360439069 0.3383992441056819
1 0.6150128554264502 0.710672128021521 0.3204248720559974 0.42536073323126705
3 0.6947334340388164 0.3141101458160182 0.5832168680776327 0.5953681215957304
3 0.564072685351681 0.15807636862998095 0.19951129336408951 0.23458454152049332
3 0.23507607602640784 0.20401763243296434 0.22867262937617988 0.3247930474519924
6 0.14286239871099798 0.3322288626613008 0.27229536004136173 0.31563822334543534
7 0.7947099934356772 0.7789254377750316 0.3863771360598154 0.4421491244499368