4 0.23359375 0.55234375 0.359375 0.30625
4 0.7046875 0.88125 0.284375 0.2375
3 0.75703125 0.69140625 0.259375 0.2140625
3 0.6859375 0.55390625 0.2796875 0.2125
3 0.3015625 0.11796875 0.33125 0.2359375
6 0.4890625 0.68828125 0.2328125 0.365625
3 0.4984375 0.23515625 0.265625 0.325
1 0.684375 0.39296875 0.38125 0.2359375
3 0.2640625 0.26171875 0.5140625 0.478125
3 0.11171875 0.384375 0.190625 0.1546875
3 0.159375 0.73046875 0.265625 0.1609375
6 0.2703125 0.85390625 0.2703125 0.246875
7 0.76875 0.21640625 0.396875 0.303125