4 0.36075544768541634 0.2890625 0.28315937220695986 0.309375
4 0.17064394644707132 0.78125 0.22080061331561965 0.2453125
3 0.35416492183996545 0.7828125 0.19790676881613756 0.2234375
3 0.4616927855698698 0.68828125 0.19721756410140792 0.2421875
3 0.7736942493808275 0.24609375 0.23057802770747776 0.2875
6 0.2956954121200558 0.5453125 0.33983740363849113 0.184375
3 0.706457437760619 0.4484375 0.30088621960192585 0.2203125
1 0.6072621507475162 0.64921875 0.21728181513486505 0.3375
3 0.6250576962376744 0.23359375 0.45300960752465136 0.4671875
3 0.4817679226640258 0.13984375 0.14565075599585597 0.175
3 0.18039801364885108 0.253125 0.14816363399378404 0.2625
6 0.10446055996757868 0.3953125 0.20892111993515736 0.234375
7 0.7854213839982933 0.68203125 0.28170818817039456 0.3453125