4 0.64453125 0.29609375 0.296875 0.34375
4 0.78828125 0.82578125 0.2296875 0.271875
3 0.596875 0.8109375 0.20625 0.246875
3 0.4953125 0.70390625 0.20625 0.2671875
3 0.21875 0.2171875 0.240625 0.3171875
6 0.68359375 0.56953125 0.353125 0.21875
3 0.2671875 0.43359375 0.3125 0.2515625
1 0.3484375 0.6515625 0.228125 0.365625
3 0.37109375 0.240625 0.4703125 0.4734375
3 0.534375 0.13125 0.1515625 0.19375
3 0.83671875 0.27421875 0.15625 0.284375
6 0.89375 0.42578125 0.209375 0.259375
7 0.1578125 0.67109375 0.29375 0.378125