4 0.2333876542781672 0.43828125 0.37216693325224204 0.31875
4 0.7172369760940908 0.12578125 0.2936237767345796 0.246875
3 0.7614313619272978 0.31796875 0.2684874213483853 0.2234375
3 0.6848683410464507 0.45234375 0.28879083098930564 0.221875
3 0.283190648915414 0.875 0.3404987767345796 0.246875
6 0.4934989733636163 0.31171875 0.2474850958200286 0.3734375
3 0.4846127692305271 0.76484375 0.27850783684303815 0.334375
1 0.6769007840612501 0.61328125 0.3905078670936593 0.2484375
3 0.25875633470173887 0.72890625 0.5175126694034777 0.4953125
3 0.10430816657480738 0.60234375 0.19624880698520059 0.1609375
3 0.16646884075186308 0.2578125 0.2713033491396783 0.1703125
6 0.28200800322145386 0.13828125 0.2796158188890573 0.25625
7 0.753980392767094 0.79296875 0.40965784289316254 0.3171875