4 0.7842007205349459 0.386991350748224 0.33403060811666874 0.22875912073610385
4 0.16797277429869267 0.12376518173944029 0.2995374334486337 0.20644450497932318
4 0.6127832210259252 0.7210841716396196 0.3554339512062228 0.417442189137838
6 0.4912819675098838 0.3954610873116957 0.3124010478118183 0.269672547072698
1 0.4682358738311544 0.19530916886760935 0.3216760538619426 0.25303107864272906
3 0.3065721868664793 0.07508402900978234 0.3524806262670414 0.15016805801956468
11 0.8080568979334555 0.1794217744539822 0.37487377673457944 0.2686252575395719
11 0.7315585513278599 0.06741720022587894 0.5150078973442802 0.13483440045175787
3 0.7208825882177802 0.531256561215098 0.4403078791939077 0.23963497852978968
4 0.8285536667711991 0.6835254455289045 0.3028169695529872 0.23318901550266666
4 0.7074457603517326 0.8272516006776367 0.2775078973442803 0.17860793131591715
6 0.3580598804704539 0.6078385319229669 0.2895907825883121 0.3761199681476203
6 0.3092921450065892 0.756889952927302 0.6185842900131784 0.45497009414539596
6 0.1280381207078965 0.45577331591207243 0.256076241415793 0.3447033681758551
1 0.16640975341784556 0.2581856843702762 0.3153987827847038 0.24797955759604165