4 0.21875 0.58671875 0.3203125 0.1875
4 0.85625 0.8421875 0.2875 0.16875
4 0.975 0.9828125 0.05 0.034375
4 0.36484375 0.2515625 0.328125 0.375
6 0.51171875 0.575 0.2953125 0.23125
1 0.55 0.77421875 0.30625 0.2140625
3 0.721875 0.91953125 0.340625 0.1609375
11 0.21015625 0.79453125 0.359375 0.221875
11 0.29765625 0.934375 0.50625 0.13125
3 0.27109375 0.4421875 0.4265625 0.184375
4 0.1515625 0.29140625 0.2890625 0.1953125
4 0.2625 0.146875 0.2671875 0.14375
6 0.62890625 0.36171875 0.2640625 0.3421875
6 0.68515625 0.2109375 0.6296875 0.375
6 0.87734375 0.509375 0.2453125 0.3140625
1 0.84765625 0.70859375 0.3 0.209375