4 0.41046239285855507 0.21588741166284758 0.18508766071216734 0.31355727298576397
4 0.23923308604471707 0.8430249344127259 0.168036528406919 0.3139501311745484
4 0.08173245739291676 0.9575222124809375 0.11400004464226869 0.08495557503812493
4 0.7473020994341024 0.3511229289490284 0.36189562256272045 0.3317293107891669
6 0.45404520292539463 0.4951398069894449 0.22533083116686256 0.2926278303564585
1 0.26813893060426025 0.5337989974345488 0.21145924593951496 0.30323802203583344
3 0.11439850162814838 0.6998207748856251 0.22765699025747205 0.33641419794763916
11 0.21058512378383165 0.2042011099917363 0.2187729139585782 0.3643209924005557
11 0.07779771753259593 0.29009962955902785 0.15559543506519186 0.5051992591180557
3 0.5542027102289953 0.26456391384704914 0.1837081672049891 0.41348453780340294
4 0.6843459521113204 0.15192105632385472 0.19380809577735914 0.2762754785328474
4 0.8357663559269242 0.2531413302595493 0.14043763392680617 0.26097648043270844
6 0.671762762585197 0.604155703550313 0.32955468100470675 0.2685019589655557
6 0.8159297739492828 0.6716815103523267 0.35668556574229193 0.6566369792953466
6 0.5593273977331144 0.8580528086049654 0.3066899253226639 0.2838943827900692
1 0.3640245803626742 0.8166134570656947 0.20666265178371362 0.29687891926229204