4 0.4453125 0.80078125 0.15 0.2953125
4 0.21953125 0.18671875 0.13125 0.3046875
4 0.05 0.0625 0.1 0.125
4 0.76875 0.6390625 0.328125 0.290625
6 0.4640625 0.51953125 0.19375 0.26875
1 0.27578125 0.49609375 0.178125 0.28125
3 0.1078125 0.34296875 0.190625 0.3125
11 0.246875 0.82890625 0.178125 0.3421875
11 0.07890625 0.75625 0.1546875 0.4875
3 0.584375 0.740625 0.1359375 0.396875
4 0.72578125 0.85703125 0.159375 0.2859375
4 0.865625 0.7296875 0.1109375 0.246875
6 0.671875 0.39296875 0.303125 0.23125
6 0.834375 0.31015625 0.33125 0.6203125
6 0.5375 0.13671875 0.275 0.2734375
1 0.346875 0.20625 0.1734375 0.275