4 0.4359770275479855 0.7518172376055292 0.22224520801562525 0.36028487847863155
4 0.20949967372760409 0.12651873764271032 0.19662565254479186 0.25303747528542064
4 0.7821643093674648 0.5995610819408603 0.41530553020395866 0.40561591901054167
6 0.4625272226458329 0.44945890015309936 0.26559516451263915 0.34488005437207464
1 0.2636546179724302 0.40917077566598153 0.2532770024685419 0.35218321840251937
3 0.11400337614055536 0.23262947479112905 0.224244119109792 0.379098545474826
11 0.22618445345979105 0.7447554485936749 0.2569475163362503 0.37574805239490827
11 0.09060289694211789 0.6515850632321422 0.18120579388423577 0.5093298735357157
3 0.584778856670173 0.6965819564651593 0.23256707180708372 0.4684157134596035
4 0.7318694493757285 0.8154699248304977 0.2259144154625698 0.3167258794672147
4 0.8834884603936451 0.7062647266939333 0.17238937195958356 0.2973737015966055
6 0.685458189210833 0.3279818536896902 0.3777314886008337 0.3338390780980708
6 0.8102406368741317 0.31204376627444136 0.37886410961048644 0.6240875325488827
6 0.5464002616835069 0.11332637646428423 0.34157447663298635 0.22665275292856846
1 0.34434679920256933 0.13750797577971224 0.24255640159486136 0.2750159515594245