4 0.6100867391794473 0.24589708250326076 0.21713264185764966 0.3299915227450791
4 0.68383854394395 0.8650450729927481 0.20087114436493217 0.26990985401450385
4 0.8208491474674469 0.9933392009906761 0.12489235141192587 0.013321598018647763
4 0.25744982099533187 0.32022057051154873 0.3915248880967259 0.3708820041338292
6 0.5248549666804122 0.5133884894515208 0.2541325366848001 0.3145506133156196
1 0.702723902415505 0.5842575692686944 0.24190532132453627 0.32334341645877274
3 0.8293903878340284 0.7747820235691393 0.2616100675636125 0.3570292117440431
11 0.8088963122198433 0.2692383449092576 0.25613295737619807 0.38330061331561954
11 0.9089752170761235 0.37872896897824415 0.17732129875899397 0.5169435591390091
3 0.4600041711536164 0.2686346075246514 0.22776391646825583 0.42723039578060834
4 0.34935147915031745 0.14613456120592377 0.22317204169936514 0.2694178957806083
4 0.1840470764056082 0.20806086476336166 0.1670584340192331 0.2714855099247974
6 0.29282606518934406 0.5831593722069598 0.35372335972519603 0.30514568817039456
6 0.17564119451058138 0.6239940798171736 0.35128238902116277 0.6917381596343471
6 0.3622135965303749 0.8473908844080688 0.3357462495377816 0.30521823118386243
1 0.5652165760764037 0.8446736839318667 0.23542800079142284 0.3106526321362665