4 0.2775213884016444 0.6533318959659561 0.3685722223568521 0.2682260253819068
4 0.8985435652464895 0.7271911838797328 0.20291286950702095 0.24015447469763487
4 0.31750181228074 0.29175804929186555 0.43227126091159596 0.45169305338954285
6 0.5536753701128557 0.5633586872613214 0.3575365632693231 0.30401807471354336
1 0.6501550751695023 0.7443536012492311 0.36321356030357366 0.2900283000477252
3 0.8335207431170989 0.837347981222187 0.33295851376580227 0.247968069382543
11 0.33082409642404054 0.8488983872931382 0.41672056228073995 0.3000214653882701
11 0.4539379442565938 0.9162484246101389 0.5298678666156335 0.1639032467377241
3 0.28456327277459403 0.5000523546308198 0.47115339429596237 0.29440781206236083
4 0.15253999855430628 0.38669038331477357 0.2841972223568522 0.26724423337045283
4 0.18788329646340923 0.21823073730904657 0.30378021049385406 0.21124877204008907
6 0.6026235701894054 0.3259581372533673 0.3599850840295698 0.40243739337999784
6 0.6127559624710204 0.2157239026495917 0.7223869249420408 0.4314478052991834
6 0.8585539407221905 0.4017826512174144 0.2828921185556189 0.37058740937299817
1 0.8682074664253531 0.601728107216778 0.2635850671492938 0.28297832137172546