4 0.52265625 0.7734375 0.1859375 0.3359375
4 0.8203125 0.1390625 0.1671875 0.278125
4 0.9765625 0.0203125 0.0453125 0.040625
4 0.19140625 0.60625 0.378125 0.3578125
6 0.52890625 0.47109375 0.23125 0.315625
1 0.7328125 0.440625 0.2171875 0.325
3 0.9015625 0.271875 0.1859375 0.3546875
11 0.7328125 0.77578125 0.21875 0.3484375
11 0.89765625 0.690625 0.165625 0.4890625
3 0.3796875 0.71171875 0.184375 0.4453125
4 0.21875 0.828125 0.19375 0.303125
4 0.0796875 0.70703125 0.1421875 0.2796875
6 0.31953125 0.33984375 0.346875 0.2890625
6 0.1765625 0.30390625 0.353125 0.6078125
6 0.48359375 0.11328125 0.3171875 0.2265625
1 0.68359375 0.1453125 0.2109375 0.290625