4 0.5653280778962776 0.7473544408161648 0.251129432049634 0.3728083288463836
4 0.7431585593173189 0.10871680430228439 0.2199328813653622 0.21743360860456878
4 0.21534154730268323 0.656939007126136 0.43068309460536647 0.43612198574772804
6 0.5172291219366848 0.45119850633471315 0.291627162714816 0.36305289561857335
1 0.7125603506126843 0.3767882250601894 0.27919988804899776 0.36893918276559184
3 0.8484631299729557 0.1851440862368823 0.2544726080521794 0.3702881724737646
11 0.7727956799013681 0.7038304466886594 0.2857226080521794 0.3925585391920826
11 0.8921189392505038 0.583991656638647 0.20750779606936048 0.5168023697543258
3 0.4141564765675046 0.7181707091585647 0.27111576273072424 0.4796038981258558
4 0.2767826512174144 0.8455635864347381 0.25183740937299814 0.2994162929530063
4 0.11744456122695943 0.7799111573635628 0.19569649737427083 0.30715458511458993
6 0.28779670794877504 0.3688419620615586 0.39938511871417964 0.3615024189755383
6 0.18806307399745464 0.3640528251519669 0.3761261479949093 0.6750193496960661
6 0.4086199273154099 0.12864417405661027 0.3577601453691802 0.25728834811322054
1 0.6108727706476828 0.1328422775801071 0.26575445870463454 0.2656845551602142