7 0.22184823905313328 0.4421875 0.24342929451244916 0.2359375
11 0.31682681008570324 0.46328125 0.18857519454068417 0.20625
6 0.6311832546263874 0.66953125 0.23161256299888783 0.1671875
6 0.5367492571160489 0.81875 0.20359397881213823 0.1421875
6 0.44252954928001087 0.75703125 0.16105786831702953 0.109375
6 0.5159754835796999 0.66328125 0.17170694198043535 0.13125
6 0.4169163572995755 0.62578125 0.16454688936371684 0.115625
6 0.5164661201714065 0.9265625 0.1866794945971538 0.146875
7 0.42810157018552386 0.91171875 0.18215859456891895 0.1765625
6 0.6205202284592024 0.51328125 0.22912459983059072 0.178125
7 0.12979870499344062 0.28359375 0.23258279977412105 0.2375
6 0.2605727499294128 0.07421875 0.262893384102045 0.1140625