7 0.5956478870152295 0.2067340445234239 0.21239212613895014 0.19415054250907646
11 0.5539238476232778 0.2911753701128557 0.18466196828879458 0.14625687056996622
6 0.2918054662932431 0.5428347347141418 0.14547764192396553 0.19610036167271758
6 0.17592910828779593 0.4214306255128822 0.12076606826055966 0.1732703567298018
6 0.25469812137138836 0.34632980783211575 0.09211044724210718 0.13625051779449712
6 0.32391158197943665 0.4352914901513493 0.11444047355046649 0.1449543557412186
6 0.3820873740022243 0.3507374180219586 0.09863346302712266 0.14119268577927463
6 0.07210011856408452 0.37756126730020556 0.14420023712816904 0.153369033611828
7 0.10242226080569236 0.29862052520887095 0.18117294724210717 0.13987953657757748
6 0.4384151557840169 0.5668200158545118 0.15614212613895012 0.1918585306460784
7 0.7631685869587599 0.154044079123835 0.21322658404557515 0.1817142095052709
6 0.9349540397448877 0.3239294506823844 0.11061679451244899 0.23988485376405225