7 0.2066644261334428 0.4207658264056081 0.2242944366867496 0.2345354390337981
11 0.30008318952612345 0.4438419620615586 0.17221373944669321 0.20334762351524951
6 0.5953622820570716 0.6572379061764286 0.21837962743398442 0.16408654671392994
6 0.486152697640503 0.8042385897999502 0.1929705243497292 0.1399216210079671
6 0.3982748222351135 0.7403555977175091 0.15177278003177214 0.10592705423577745
6 0.480300343745469 0.6480795180131956 0.16155688311602728 0.12963733887551357
6 0.3850327081938098 0.6086425964638679 0.15656937418757338 0.11231344655564542
6 0.45524934536702677 0.9145683360390265 0.17441143912238158 0.1503135517284946
7 0.36977944966909787 0.8990773798499628 0.1672262305182394 0.1860237311953817
6 0.5988849281620376 0.5008060497499379 0.21544554220663664 0.17493311850068452
7 0.12960922808260747 0.2604253714701855 0.21182171022569998 0.23573422618081655
6 0.2799971915580136 0.054424249802144296 0.2548977800317721 0.10884849960428859