7 0.594283124787955 0.7871287020165351 0.21619546279135698 0.20384387749004845
11 0.5558233147138212 0.7044408774156864 0.18794148801910032 0.15432403855474383
6 0.30434269338442727 0.46660393228205255 0.15062502649368784 0.20273236364988403
6 0.1844344427514551 0.5939715400004375 0.126369070958725 0.17833985870696817
6 0.2591864168907394 0.665038773688815 0.09537204210278442 0.13963018577927463
6 0.3326363297747636 0.5723300088600676 0.11913692431676956 0.1499601907221905
6 0.38674842170006285 0.6535999134989723 0.10334823320977708 0.1446360207602467
6 0.07597962432461881 0.6440272312169196 0.15195924864923763 0.1614362015966055
7 0.10590516026731747 0.7204332223196712 0.1846527969121079 0.14950920456235509
6 0.4521179944728864 0.43483798463977974 0.16139883538669525 0.19849053262324468
7 0.7597245863133676 0.830316333423735 0.21732145317271012 0.19140754448624273
6 0.9305703435697616 0.6517244653252268 0.09902781015895172 0.24431768577927465