7 0.7799958226487412 0.3668451678405896 0.19885806006354406 0.20767094889756965
11 0.6896202386392096 0.3994050543334716 0.1468864569792892 0.1830333183886113
6 0.41209170779665855 0.640144382790069 0.1991932508107789 0.13739481648875013
6 0.5315802731385039 0.7740264606779856 0.18006142126547414 0.11508340539458359
6 0.6148524691607443 0.7010234121410064 0.1389727711033185 0.087575348023889
6 0.5264678534945875 0.6195207986338884 0.14716710064862326 0.10963218597979178
6 0.6179246964325728 0.5697552283454161 0.14376936525911965 0.09393445079743064
6 0.5692421400224766 0.8980990871028816 0.15593417451188502 0.1645015239356944
7 0.6541898843404338 0.8633227371791314 0.14367963636243813 0.17827308320625015
6 0.3968094013832671 0.48665636008864543 0.19628643912238158 0.14982208130638916
7 0.8446055677774773 0.19978364798895762 0.18641260714144475 0.21050500816812517
6 0.6814585056820428 0.026293609280885182 0.24489548863591432 0.052587218561770364