7 0.7844005012428543 0.41482844003693053 0.2472175641014079 0.25317646567298446
11 0.6894326036002191 0.4286063037668349 0.19092902274507892 0.21625435442427943
6 0.3621144706398924 0.6106762109199828 0.2299529813887502 0.18377149420903188
6 0.44289993610798906 0.7675019456185017 0.20535108767505647 0.1576798751024441
6 0.5413588608389295 0.7122450572814916 0.1583647717116218 0.11963191149637406
6 0.4773755976043631 0.6131033899941493 0.17195639081820957 0.1436516083532208
6 0.5777951286216098 0.5827009524429274 0.16497864474715093 0.12773550992479735
6 0.4473433794501792 0.8896851606723137 0.19408825599585602 0.18366017824559683
7 0.5368425270928144 0.8761620080672798 0.18558655128112633 0.20197353060296175
6 0.3864702694398193 0.4559694402418183 0.23053517824559702 0.19627149420903184
7 0.8803038143108048 0.2638052874318967 0.22221756410140792 0.25201207195929076
6 0.7788098966091779 0.057355388855993485 0.25709337014004524 0.11471077771198697