1 0.1570099410658786 0.23777536977538208 0.308489011991712 0.35680073955076413
1 0.205535294042416 0.4753669419637154 0.27392561331561965 0.25142225531833357
1 0.18260302398342412 0.7034912887533334 0.31964914391858146 0.42885757750666686
1 0.3257686730738013 0.6607797247331252 0.17599322745980875 0.19295383225631965
1 0.47674047580266976 0.8024249769173266 0.2867552531003719 0.2923018284565976
1 0.7469865475570726 0.6229790919430561 0.2300686054577369 0.28161759517409735
1 0.7206593722069596 0.32581315121361165 0.3517295897419711 0.3468815321038197
1 0.5197539977236885 0.3687416143601393 0.1913271290313853 0.18706750816812515
1 0.5654923751024439 0.21138436246027825 0.18129715756743253 0.1727868026210418
1 0.6694523606250232 0.7678902420193061 0.27166960049533806 0.20298475531833357
6 0.3777398180303494 0.23510888392743085 0.3290241439185815 0.42907578305375027
6 0.5103020308078496 0.5846932694703824 0.3865369292790543 0.2899418542921531
6 0.8842403368464868 0.4700930941272577 0.11148977171162144 0.11497299620027786
6 0.6313231219975627 0.8707963832618407 0.1208647717116218 0.1151912017473613