1 0.23671875 0.803125 0.2609375 0.2046875
1 0.4640625 0.7765625 0.165625 0.1921875
1 0.68046875 0.84921875 0.334375 0.225
1 0.64453125 0.68203125 0.140625 0.109375
1 0.7875 0.5546875 0.2046875 0.1890625
1 0.6328125 0.278125 0.2171875 0.1328125
1 0.3515625 0.27109375 0.2375 0.2359375
1 0.38125 0.465625 0.128125 0.13125
1 0.23515625 0.40546875 0.1171875 0.125
1 0.76484375 0.36796875 0.1125 0.209375
6 0.246875 0.5859375 0.3375 0.178125
6 0.584375 0.4984375 0.1609375 0.2984375
6 0.49609375 0.13203125 0.08125 0.075
6 0.859375 0.415625 0.0765625 0.0828125