1 0.7490709253259592 0.18312299210316407 0.2709239748361966 0.21561695140261464
1 0.5226760206995765 0.21959279899016884 0.17533873944669304 0.19943743949875792
1 0.3050715093354909 0.1552404492613153 0.3463058043815013 0.23792828863843632
1 0.34357312743727964 0.32140580474570546 0.14574096834337488 0.11489881303532483
1 0.2029872633959759 0.45424155152425155 0.21434669236879253 0.19653969847574831
1 0.3623178043880919 0.7243808138208918 0.22432961850553063 0.14191583098930566
1 0.6436223514659927 0.7196195491865606 0.24956717207625304 0.2451771863754999
1 0.6102718835263596 0.5268644226249316 0.13518529788867967 0.13671018052176756
1 0.7577548096630977 0.5806883385123679 0.12413870373287814 0.13039654800821018
1 0.2286479622608854 0.6400108798812786 0.12402170129724625 0.21319995764913066
6 0.7429225166423867 0.40110537764178356 0.34705009821299126 0.19106237899751588
6 0.4068156469190402 0.5022694644848217 0.17716606655636585 0.3041249394987579
6 0.5012557991130862 0.8649643863241863 0.08573867694751698 0.07861587939029917
6 0.1333315081209701 0.5960386869646752 0.0811875446422687 0.08640110831306043