1 0.7564731007413379 0.830031409907979 0.2734127404661713 0.31708195454365723
1 0.7796650971979588 0.5907098112879507 0.23861609981466536 0.21497398376465035
1 0.869952824417286 0.37520181372358274 0.24645342558271394 0.39468875730360065
1 0.7219691922033009 0.3871541631543899 0.1480803798517325 0.171231892044481
1 0.6208308220550334 0.22027240057248818 0.24472225607526782 0.2556808043815014
1 0.3012499536360463 0.33906290544045686 0.1869643197775986 0.2562341834403387
1 0.2317261050025071 0.6307242999205698 0.3025000397405318 0.3004126517837136
1 0.4402380094490108 0.6294270324706994 0.16494049763774737 0.16215690097293473
1 0.34464771253690296 0.7731963977298191 0.15663692431676957 0.1479580332781829
1 0.4227207042690185 0.21436114001918133 0.24619049763774736 0.16357512499835236
6 0.5346452299600981 0.7878377759778775 0.2620238618803832 0.3933989926931041
6 0.5185068863055184 0.4227173364484589 0.3516617368379741 0.23256267856907478
6 0.11905995781239753 0.4585783388807956 0.09562501324684392 0.10004663879807012
6 0.4930456171530427 0.12334462784431673 0.1049454495445131 0.09864778003177208