1 0.8548814739020045 0.7570510153974013 0.2772919427116342 0.3423917243340185
1 0.7778120859325485 0.5288039985914873 0.24949311203054414 0.23505938539871388
1 0.7985716706317744 0.2896924190477228 0.33448737205599743 0.42593373619701663
1 0.6359347632877294 0.36200913494160336 0.15519767202418072 0.1843643656270503
1 0.4700472286362286 0.24347801634880342 0.2593590080362711 0.2776288873758802
1 0.22365184460536644 0.4608897149424783 0.20307264536918018 0.2722118755128822
1 0.28668545723268646 0.7534393122807399 0.3177169480426344 0.3268595662350727
1 0.4790371365770496 0.679988519314553 0.17387494668999892 0.178878369581383
1 0.4536724152212324 0.8446585143716371 0.16433631468808993 0.16443386760421674
1 0.2825284999602291 0.30461981030357366 0.2536533533577262 0.189937886387297
6 0.6363763745624139 0.7938759698853943 0.2859226027211793 0.41224806022921145
6 0.46199672927277546 0.46513018186212307 0.3592135573679075 0.26920357513232124
6 0.10752576324795846 0.6335857742202877 0.1012181493475448 0.10876218775644109
6 0.3087921026416375 0.1970447322426839 0.1105931493475448 0.10914418973360744