1 0.27193462799441726 0.8253124073625449 0.27731493102595034 0.3246533593866783
1 0.2631893125268706 0.5837242208447802 0.24214099163225694 0.21858314185166688
1 0.16023697365357556 0.36766903536047285 0.3018036759375677 0.4052869292790543
1 0.3331355630926975 0.3791950785788285 0.14790631275401314 0.17522694003242129
1 0.4433692989592033 0.21116420843878334 0.2505200576656305 0.2594992402800903
1 0.7572790699901024 0.3281139981424824 0.1929532191310198 0.26149407981717354
1 0.8094335487320606 0.6209350448754948 0.3059378980092635 0.3057235769216895
1 0.6010478386461523 0.6196765676205738 0.16937187697836437 0.16843328453190337
1 0.687692424805914 0.7636576999617279 0.15917800542706678 0.1523716368892682
1 0.6418477425367681 0.20270308333633946 0.25045810266810486 0.1690925641014079
6 0.4974768605815627 0.7803487020286426 0.2687455144721785 0.3990711625298314
6 0.5346880970138954 0.4144475661728316 0.35545986318355455 0.23944791356328854
6 0.9318806795556125 0.4468532278786027 0.09890889077317411 0.10280397642635145
6 0.576819206806548 0.11253615570991497 0.10663950361804453 0.10160534946188075