1 0.20732061283007833 0.7787648930945211 0.2756932954530476 0.23141278163641915
1 0.43648596145010654 0.7532596631535131 0.1784910129856435 0.20815075599585597
1 0.6467455771162633 0.8269924538906693 0.34953989853730255 0.25827068817039456
1 0.6231286193229001 0.6594796222114689 0.14892051542127546 0.12402831306795062
1 0.7744337950526011 0.5329983972328597 0.2175535129856435 0.2099701211735024
1 0.639553829141563 0.2551367245688338 0.2259466655834313 0.15415676881613757
1 0.3594669086868677 0.2463247665443352 0.2543364926931041 0.2600814371369372
1 0.37557532954860007 0.441508833955512 0.13677507142762996 0.1437586162111037
1 0.23379297849293984 0.380198960505698 0.12572847727182862 0.13699919396136276
1 0.7644253697266419 0.34611698139325936 0.12720124837514693 0.22137419396136276
6 0.2329729979747004 0.5613397985950392 0.35028419236879244 0.21146846277750023
6 0.5755929204579905 0.47590729694240935 0.18190811363426676 0.31447353060296185
6 0.5133203859586963 0.10801562965506706 0.08576595048646744 0.0836173287837163
6 0.8556992061718056 0.3941670295740138 0.08275004464226896 0.08972177956950463