1 0.2015625 0.16484375 0.2515625 0.3046875
1 0.19609375 0.40625 0.225 0.203125
1 0.11484375 0.62265625 0.2296875 0.3828125
1 0.26796875 0.6078125 0.1359375 0.1640625
1 0.38046875 0.7734375 0.228125 0.24375
1 0.6921875 0.64921875 0.1703125 0.246875
1 0.74140625 0.35625 0.2828125 0.2859375
1 0.5328125 0.3609375 0.1546875 0.1546875
1 0.61796875 0.21640625 0.146875 0.140625
1 0.57890625 0.77578125 0.2359375 0.1515625
6 0.42734375 0.2046875 0.2359375 0.38125
6 0.46875 0.56875 0.3359375 0.215625
6 0.865625 0.5265625 0.0890625 0.0953125
6 0.51484375 0.86796875 0.0984375 0.09375