1 0.8109375 0.2 0.228125 0.2875
1 0.77734375 0.4390625 0.2109375 0.1828125
1 0.8484375 0.66875 0.2546875 0.3640625
1 0.6734375 0.628125 0.121875 0.1546875
1 0.53515625 0.775 0.2109375 0.225
1 0.246875 0.6078125 0.1515625 0.2359375
1 0.24609375 0.3109375 0.2609375 0.2625
1 0.45078125 0.346875 0.14375 0.14375
1 0.390625 0.190625 0.1375 0.1296875
1 0.33828125 0.75 0.228125 0.13125
6 0.58125 0.20625 0.2046875 0.365625
6 0.48046875 0.56015625 0.3234375 0.1859375
6 0.0953125 0.4609375 0.0828125 0.0890625
6 0.38671875 0.85 0.0921875 0.0859375