11 0.11364523883234826 0.29238696701890443 0.21550099131354764 0.3339760659621911
6 0.7970976319268694 0.06906432733547534 0.19873721463952715 0.13812865467095067
6 0.8790156435042966 0.5676974591220685 0.1195933701400449 0.11941359621281204
6 0.7627806755550006 0.6895002571302787 0.16669100206691462 0.19154312626704134
1 0.5778511339937841 0.2592092900131784 0.1463399607105858 0.157059041958086
3 0.5046791153825343 0.43311948868531847 0.14997438296032684 0.16801472267624523
11 0.2290989567816443 0.17058871419023408 0.20997012117350247 0.21522606596219104
11 0.6076864530575907 0.580997931601922 0.3133862196019258 0.22207602966144577
3 0.23476041356328864 0.34247734972885346 0.2277398180303493 0.2278260599120669
3 0.31694582898860413 0.47953646731349203 0.27599322745980875 0.19061695140261464
3 0.41593344664744986 0.5578882054096355 0.2041524607105858 0.15739538524403188
3 0.5994266509478947 0.6888876996540988 0.22163105913900907 0.1637453791939077
1 0.9676970380465602 0.6600753357818934 0.06460592390687978 0.1474113311856975
1 0.47796029590444283 0.26213482299427393 0.15422523531769167 0.15866699375348406