11 0.10234375 0.734375 0.2046875 0.31875
6 0.82265625 0.90625 0.184375 0.128125
6 0.84609375 0.403125 0.10625 0.1109375
6 0.71640625 0.290625 0.1453125 0.18125
1 0.58203125 0.73203125 0.1296875 0.146875
3 0.4890625 0.56484375 0.13125 0.1578125
11 0.24453125 0.846875 0.1859375 0.2015625
11 0.57421875 0.41015625 0.290625 0.2
3 0.23046875 0.67578125 0.203125 0.2125
3 0.29609375 0.5328125 0.25625 0.171875
3 0.3859375 0.44765625 0.1875 0.14375
3 0.55390625 0.30390625 0.2046875 0.1484375
1 0.946875 0.3015625 0.09375 0.140625
1 0.48203125 0.73671875 0.1375 0.1484375