11 0.18781032485069374 0.8600114974927175 0.3346711664125003 0.279977005014565
6 0.19036781402020822 0.15095004922121247 0.14640614057694457 0.185387233702664
6 0.6587164640964581 0.24900974531463946 0.11682643692972228 0.12206887978345575
6 0.7350581457078469 0.3950784147523962 0.19291746466513898 0.1711261569013444
1 0.2953592128621872 0.4096467507914229 0.15494468597979177 0.14972251834240002
3 0.430821974545694 0.5347640742275301 0.16595492116215294 0.15316576708875881
11 0.11602950988055498 0.6913417170096166 0.21573802203583353 0.212387654394062
11 0.5943402670987495 0.4957423413162889 0.22736781268902817 0.3095354390337981
3 0.2726964307583674 0.7451523417785073 0.22711193313000022 0.23145590314042064
3 0.419481164990798 0.7197157357477281 0.19677112290951407 0.2696091210079672
3 0.5178654200247912 0.6576907603583343 0.1609050516711113 0.20454641066226814
3 0.6879077759324648 0.5398991697669612 0.16595622758291687 0.2203078029821361
1 0.7793764158438193 0.13681728536465193 0.16719141926229178 0.20629076708875882
1 0.26979420877812454 0.5003710391920826 0.15825152393569458 0.1576259465556454