11 0.18828125 0.86875 0.2421875 0.2625
6 0.20390625 0.11640625 0.0828125 0.175
6 0.6546875 0.21171875 0.0828125 0.0796875
6 0.7265625 0.35 0.1453125 0.103125
1 0.30390625 0.3796875 0.1140625 0.09375
3 0.4328125 0.49609375 0.1234375 0.0953125
11 0.12890625 0.65703125 0.1546875 0.1390625
11 0.58984375 0.45234375 0.1296875 0.240625
3 0.278125 0.7046875 0.1609375 0.153125
3 0.4203125 0.675 0.109375 0.2109375
3 0.515625 0.61328125 0.0984375 0.153125
3 0.68046875 0.49296875 0.0984375 0.16875
1 0.7734375 0.09140625 0.103125 0.16875
1 0.278125 0.4671875 0.1140625 0.103125