11 0.7940534218513811 0.8153158644770635 0.2805344523626047 0.2904959340192331
6 0.7563494395613609 0.0810404336900287 0.10899411035393439 0.1620808673800574
6 0.30789798705758187 0.21721962608903903 0.0940677893919517 0.08852895407749281
6 0.2393692529837718 0.36271999419401224 0.1598593893637168 0.1200804824490227
1 0.6639975266612951 0.3433452392459543 0.1278813472703421 0.10667120031656907
3 0.5378305978350394 0.4741442613492781 0.13743835779368574 0.1100689849563052
11 0.8472371479620963 0.5985087977048739 0.17445251038216938 0.15638169530200408
11 0.3794489504376405 0.4483355822781029 0.16465184712916772 0.25592705423577733
3 0.6992021953877301 0.6628704775674719 0.18317506299888783 0.17223401583511766
3 0.5556720032661204 0.6498884074300698 0.13939424189573071 0.22399509263643722
3 0.4587661821629633 0.5996731102539214 0.12031104195220048 0.1641654515702104
3 0.28990903732581313 0.4992963401956617 0.12278359456891899 0.17983591567683313
1 0.18540760800544726 0.11081416488541022 0.12747109456891897 0.1799723079967011
1 0.6918957425310153 0.42676549300687805 0.12842737884037306 0.11604620031656906