11 0.1375 0.83359375 0.275 0.3078125
6 0.2671875 0.09375 0.1125 0.1625
6 0.7125 0.265625 0.096875 0.1015625
6 0.76328125 0.421875 0.165625 0.1359375
1 0.32734375 0.365625 0.13125 0.121875
3 0.43984375 0.5109375 0.1421875 0.1234375
11 0.103125 0.6140625 0.18125 0.175
11 0.6078125 0.4984375 0.1703125 0.275
3 0.2484375 0.6921875 0.1890625 0.1921875
3 0.39765625 0.69140625 0.146875 0.240625
3 0.5046875 0.64609375 0.125 0.1796875
3 0.69296875 0.55703125 0.1265625 0.1953125
1 0.85078125 0.175 0.13125 0.1796875
1 0.28671875 0.45078125 0.1328125 0.1296875