11 0.08962546207356678 0.6731249867531561 0.17925092414713356 0.35062502649368776
6 0.7298436241549828 0.9085291632625424 0.2045287872934612 0.13667165389834962
6 0.8404538081752172 0.422442841122691 0.12467759618646852 0.12920140507947586
6 0.7324825954686782 0.2966839276905126 0.17573415389834945 0.2058928798517324
1 0.5233282732440089 0.7222271086307042 0.15416668874473985 0.16924605172143128
3 0.4608258171608918 0.5457216615332618 0.15767363466105588 0.18029267912609298
11 0.17022806589494754 0.8008829098039814 0.22035717313564324 0.23242066351699647
11 0.5712325822218343 0.4006323616259291 0.32397324645662096 0.2500843678708328
3 0.18635904130017625 0.6294344957388308 0.23959824645662095 0.24713792794496675
3 0.276153205998299 0.49364827396179917 0.28532740870767287 0.2159623390148923
3 0.37944438630551836 0.41825391516145893 0.2121428798517324 0.175952408707673
3 0.5695287276826634 0.29301083458408705 0.22954863466105593 0.1828026094333124
1 0.9442906255057452 0.3314234823223508 0.09123017912609299 0.154563503628197
1 0.42365565545799405 0.7163441855798789 0.1620337524470708 0.17108137023308564