11 0.786543246346552 0.12231431977282008 0.26371149269310407 0.24462863954564015
6 0.8369163567311124 0.8569372211241211 0.0984489569792892 0.18024201190385652
6 0.3795617784036237 0.7963103559753695 0.0890000446422687 0.08644656010845857
6 0.2959935275928448 0.6639705546475095 0.1535261948044245 0.11338176483072289
1 0.7144883831127319 0.6021547932346323 0.12208528003177203 0.10226245764913067
3 0.5759013956946337 0.49591894965409883 0.13148755357072234 0.10387949980360815
11 0.864911528406919 0.31218780250621025 0.16668075973923271 0.15095448770335987
11 0.4237309695578955 0.5514973048439012 0.15121149269310408 0.24929199375348396
3 0.711926850241586 0.27635536251647297 0.1747387215897856 0.16506243949875793
3 0.5727649387153445 0.3162314496540988 0.1272557954530477 0.2194681383672898
3 0.48333997442915955 0.38550869048071656 0.11215690097293454 0.1600113251355732
3 0.3293809517009881 0.5176677263886784 0.11242963636243815 0.1756363251355733
1 0.27151922767227504 0.9180449762904825 0.116871674511885 0.1616010962128122
1 0.7324650413925625 0.512978663746137 0.12224892126547413 0.11163745764913066