11 0.7380941349310346 0.8811016723195231 0.35313232633910124 0.23779665536095385
6 0.8248001085380618 0.21145082937389822 0.15541022868809903 0.19379866689245623
6 0.34910377507282464 0.23737932779201856 0.12390416442319178 0.12974281094499088
6 0.25525918369002876 0.37017081637205784 0.20035901583511767 0.183673394391219
1 0.6894917796916781 0.45161108265325856 0.16222251834239998 0.15983310266810502
3 0.5401700781214678 0.5548921336486268 0.17329641066226814 0.1650938127540133
11 0.8331518853267461 0.7580325802784094 0.22658654671392994 0.2271710888732951
11 0.382409053906573 0.49107089382539215 0.24493939311129082 0.32173996042459246
3 0.6711232467678017 0.7870982033000449 0.2396321159934022 0.24657618611433296
3 0.5285098494333688 0.7405020850281078 0.21255279044572378 0.2810397173219975
3 0.43919494833801204 0.6638366864530173 0.17318876207419395 0.21501192559888338
3 0.28451111150756264 0.5211501402073475 0.17989340314042074 0.23096447421940242
1 0.24164427922945975 0.11203408977780616 0.1792114415410805 0.20752697421940244
1 0.7039741653476286 0.5454805913596859 0.16713733887551357 0.16789126413349428