6 0.5611224979127077 0.7707986840785873 0.3181382830537503 0.3129930853755436
6 0.7505688172512495 0.655783853437268 0.222354310789167 0.35874084269572604
6 0.7826598443210762 0.3849900954407678 0.35095208947451406 0.3805442120464524
6 0.570793664325208 0.4895850467456782 0.3334736487450698 0.36784421737745243
7 0.5301927270142359 0.1859055160725421 0.45836454597152815 0.3646112240610881
6 0.22437521884611078 0.36520901869827127 0.26163240349472244 0.23423173870145292
7 0.41381827213274275 0.4182083913908155 0.2785653303564585 0.22349423337045277
6 0.25896581155166626 0.490645370703362 0.25083906743868073 0.1731851507001803
6 0.365903529732187 0.6302084047183157 0.23761432845659752 0.276128337364726
7 0.2861952330950688 0.764473769374589 0.259525696047778 0.2779453760343621
6 0.3251817318607978 0.9334493940165448 0.2094139804327085 0.13310121196691044