6 0.19182014782092197 0.4642761047042699 0.322797547072698 0.32690549525030155
6 0.21855143486438638 0.6739476758260261 0.3640302208490433 0.23248710990419424
6 0.4541333481173881 0.7612961103584793 0.39015164704446303 0.36003225576575115
6 0.4480708768448217 0.5310696997976013 0.3783040944277446 0.3438340456798429
7 0.7488297400413536 0.5558085917024295 0.3870560100998208 0.46735343283497277
6 0.7086491449783245 0.21599249717492489 0.24139635765251127 0.26656113749381405
7 0.5792893267177648 0.3910068645423509 0.22989741553090165 0.28309354025277605
6 0.5780893897166527 0.22439257462825918 0.18000383134415224 0.2555550384437537
6 0.40308241346476315 0.30054671811496697 0.2854347839891055 0.24706086499257687
7 0.3134045344126285 0.19542652815544675 0.28505535239083957 0.26729147783744706
6 0.11335132650600332 0.19344902758961985 0.19638769454068408 0.2159126843053107