6 0.7475809687537072 0.5546202796214397 0.256062633926806 0.26220353977100463
6 0.6534785925375388 0.75225716436232 0.3306341655834313 0.1494774431795715
6 0.38842060836585146 0.8046791862797125 0.3204524163942102 0.28207175486796887
6 0.4696235641273246 0.5849354764577545 0.31080468100470676 0.26628311363426677
7 0.15887697889997693 0.5685705422066367 0.2865331582765353 0.39706946347211075
6 0.3090402146932221 0.24843709455954316 0.18663079545304767 0.22194100405718978
7 0.3816168238665572 0.4333536111986346 0.168235351459402 0.24192622158978563
6 0.43753736160896706 0.27412466152294623 0.12415806899199797 0.22241256249917624
6 0.5882583360414217 0.36975258157060437 0.23759327759614007 0.18846603084255092
7 0.7132777013005415 0.2812821911476812 0.23326033360249454 0.20869671022569997
6 0.9152668952941871 0.30512661444175027 0.15305463636243816 0.17761825973923262