6 0.7833735037195445 0.5276178806668457 0.25539393713693725 0.2514180960164204
6 0.7092040653397531 0.7304479648776052 0.32962334160399787 0.13469420432948098
6 0.449796986141752 0.7983813952029809 0.3186216832079957 0.2674067103796052
6 0.5089214673256143 0.574539374223938 0.3100814371369371 0.251736258584207
7 0.1979839673256143 0.5763483556807818 0.2850172787409351 0.3843669514026146
6 0.3163314371369372 0.24822737997947453 0.18489734656639661 0.21351812021691713
7 0.4067681542576637 0.42821888612779463 0.1671661910658786 0.23528403590796176
6 0.44689223242220744 0.26622288017586626 0.12261567038771415 0.21784200585373242
6 0.6064363604201355 0.3528183894474443 0.23634853060296185 0.17788969242562408
7 0.7215283593866781 0.25681047697785353 0.23260710049533806 0.19817492134838535
6 0.9247153637299043 0.26890998029750324 0.15056927254019142 0.17114881303532484