6 0.47486760669608186 0.7457397094085397 0.30899412613590116 0.30922667231952305
6 0.2762780953235423 0.651987466644629 0.20841623738460618 0.3585096200809595
6 0.21922961290133483 0.38557125056582686 0.338685934241453 0.3778062539567289
6 0.4399295647205804 0.46641737958035623 0.3224787373846062 0.3644873824054313
7 0.4504838052100677 0.16947427804187543 0.44889568817039455 0.33894855608375085
6 0.7730780508668416 0.30485692333963527 0.2555009449948201 0.231606283355371
7 0.5893066724546288 0.37792368837764057 0.2735959735308672 0.21852642921692808
6 0.750066544042416 0.43293433570953566 0.2479024607105858 0.16886062188998174
6 0.6568709698068137 0.5842688636378398 0.2294864086008898 0.2754448145630356
7 0.7488487621965998 0.7094525701057034 0.251288633993784 0.2750287347348522
6 0.7260770039244322 0.8931215632082985 0.20349748924663302 0.15250528154634893