6 0.7555374332892579 0.5270123035529287 0.33742691542211817 0.3414812944567007
6 0.6945645545018712 0.7340585161255413 0.3746192989592032 0.24813370884855884
6 0.44310387381460503 0.8100601282028158 0.40477154567984286 0.3773503279551466
6 0.48717253561867857 0.5818645076484859 0.39293328697341573 0.35965340570540577
7 0.19241161041425023 0.5918922092628437 0.38482322082850046 0.48345477874093523
6 0.27715124095488847 0.2556871896181365 0.25306520352718753 0.2783220148871962
7 0.37813612958035625 0.4358177994190995 0.24294657507848516 0.29343759263745517
6 0.40716961160167486 0.2703576193114756 0.19147260628614954 0.2629838052100677
6 0.5703855845778818 0.35392575227180234 0.29575067051050075 0.2600472038861602
7 0.6774345239715751 0.25396860173368313 0.29673331637205785 0.2787972038861602
6 0.8782976611267049 0.2617576387467858 0.2066129274079059 0.2247218258882322