4 0.3656417692349315 0.8529536021524772 0.3650600355653606 0.2726970612059237
6 0.581114873659211 0.6620609667109509 0.7522562444139196 0.652444643090012
7 0.1714297361462611 0.4557661947899323 0.3428594722925222 0.36971761042013546
2 0.25436636062953244 0.5361749787026631 0.5087327212590649 0.35577504259467396
6 0.3588932330458892 0.4120396577768296 0.44177239288512415 0.3464299677398991
11 0.8078208846174657 0.39736695823389556 0.36296249627594646 0.4285104135632887
4 0.6229129993808276 0.2165472595150219 0.2934419007430069 0.30833915467194845
4 0.26036595761021386 0.12663096650155398 0.2823930847795723 0.25326193300310795
6 0.39731368589859206 0.22315694024181826 0.27370728949430206 0.25285113399378406
6 0.2909694865605459 0.2803402016143578 0.33232031017246644 0.27273129445670075
4 0.5124763054194648 0.34486065819111433 0.3450000926374551 0.24369876592065348
10 0.9037777016143579 0.2619324183253088 0.1764341832079957 0.27326633374611503