4 0.885263250785567 0.5239178691367627 0.22520102966144587 0.30442492134838534
6 0.6429843263139235 0.6725134086589617 0.4831872882456528 0.6043532402374426
7 0.5474648315784809 0.1703782160369458 0.26757033684303816 0.335920361043535
2 0.5975415787498106 0.2917674027070334 0.1950509631100797 0.493305614166793
6 0.451742744539051 0.37451574931262893 0.22715441510186932 0.37162151170746494
11 0.3201457482514841 0.8348476986721401 0.32692715612487894 0.33030460265571976
4 0.20374054001317837 0.5668294725780493 0.2372010599120669 0.2185601442210224
4 0.19346767798768474 0.1839442497054124 0.21686128883482803 0.21375446955298721
6 0.26515125956616564 0.35155445140261465 0.1825135599120669 0.21824198165323558
6 0.3445529341360048 0.26685726453613534 0.1828499031980127 0.27605448165323565
4 0.3510018802740621 0.5012777163315334 0.14548625858420702 0.29927381303532485
10 0.16196963388829944 0.897043171642973 0.21994992739850955 0.20591365671405412