4 0.4740503122435589 0.10834570291880403 0.3393993755128822 0.20578199025747207
6 0.6301080167687328 0.3268480612780649 0.6945404506452034 0.5679776217486462
7 0.14586430384060195 0.434676783278183 0.2917286076812039 0.309978566556366
2 0.2495463900573029 0.3817893368489054 0.4990927801146058 0.25889117369781084
6 0.31682547228249003 0.5324672211827486 0.41882689034162973 0.2774308936660388
11 0.790861197073619 0.6603578108710277 0.3745277450942652 0.3781479139585782
4 0.5159819193932902 0.7869031254020942 0.2608233893530466 0.26998876623205437
4 0.12013680332771985 0.8041262126613319 0.2402736066554397 0.24797739853730283
6 0.2901170977581911 0.7274524387153445 0.24909271049385406 0.21201262499835244
6 0.20277094806220228 0.6454018234562249 0.31197471247102043 0.22247856655636583
4 0.44865645102795176 0.6356212690714281 0.33238537155854947 0.1869228961016706
10 0.8524314139560829 0.8185754598153675 0.2222410504177419 0.24277170129724643