4 0.4671167244487848 0.10036063182618626 0.32954594889756966 0.19720329468856052
6 0.6439559006449308 0.3146418213249442 0.6655627161837504 0.5381747700952801
7 0.1588022634864587 0.44617608411256365 0.3037121071419447 0.2954771682251273
2 0.25976404502159756 0.38739650263227865 0.506981271085903 0.23573050526455724
6 0.3514456647969796 0.534003857920277 0.4044017849536113 0.25856804156530266
11 0.8295193264145662 0.6399377788758789 0.3409613471708678 0.36139305971567526
4 0.5750877590211465 0.7790219630118838 0.24662565254479177 0.259212415298261
4 0.17676001500507013 0.8149806262670414 0.2398665062682641 0.2373010538619426
6 0.3442910474901395 0.7300294302271799 0.2390300516711113 0.20136355386194255
6 0.24952210172670192 0.6521448038619427 0.3016755220358335 0.20797716822512732
4 0.49352602165458387 0.6309111950579028 0.32271406743868064 0.17216693325224205
10 0.90432159089941 0.795052525752621 0.19135681820118008 0.23400333703943002