4 0.5462068586076481 0.13075618731793842 0.3357112827847038 0.23941681881725377
6 0.3599097685431561 0.32146244068315066 0.6799532039366974 0.6024984581676209
7 0.8268194917103806 0.5171101906166438 0.3424885236113216 0.33022367524374446
2 0.7319160578689634 0.4440243801126601 0.5250464935570923 0.29179297571859825
6 0.6256746273471959 0.5737680529156292 0.40791353571156996 0.2977581677218971
11 0.166755187062871 0.6119186414619382 0.333510374125742 0.38946228292387647
4 0.3931837933328281 0.7803206151354722 0.2562783128389331 0.280848149379497
4 0.773202570558387 0.8687348750980952 0.24990104781181835 0.2587912929530063
6 0.6175434438985622 0.7626259644358271 0.24501355991206672 0.22427990063313813
6 0.7147911486208265 0.7013822390464333 0.3044521924256241 0.23694503668480013
4 0.4822559045727548 0.6469518371596539 0.32301129488495217 0.20467810596427238
10 0.08802113300453665 0.7526141861308042 0.1760422660090733 0.25210337226160834