4 0.8880390878589935 0.5917538991273352 0.20814503400368087 0.29102554250907636
6 0.6108784822356603 0.678118457948034 0.42551959764263947 0.5761830869953194
7 0.6435357137152085 0.1661476985564939 0.23543488582729194 0.32335788144438116
2 0.6614343413743753 0.29679286209264716 0.13790918844833372 0.4926570266917457
6 0.4990986487450698 0.34407106319496106 0.18794294319798652 0.36200920456235497
11 0.2527588173417715 0.7802937005708414 0.29528266451263924 0.34608972729976806
11 0.1309591653656605 0.9228870602663927 0.04149782218833335 0.039155341901054186
4 0.21200065187920178 0.4738500409890207 0.2200982137152085 0.200973545474826
4 0.2963320989738195 0.09912989598880192 0.19974934612402792 0.19825979197760385
6 0.3239700557551738 0.27848184977253854 0.1624675516711113 0.20643036661563352
6 0.42258808729031266 0.21503216201609748 0.1545108877271531 0.2669858646384672
4 0.37004888801149344 0.44395034087528995 0.11305073955076414 0.2965168557412186
10 0.09442029369041736 0.8313189841826691 0.15654616641250024 0.2873620316346616